97.20689392	0.181818182
97.74539948	0.148577896
98.28392792	0.154963291
98.82247925	0.134156841
99.36104584	0.109790364
99.89965057	0.111501188
100.4382706	0.105389739
100.9769058	0.105855042
101.515564	0.104626841
102.054245	0.105133382
102.5929565	0.105754923
103.1316833	0.099821938
103.6704254	0.102120995
104.2092056	0.097519992
104.7479858	0.093697147
105.2868118	0.096738768
105.8256454	0.09700088
106.364502	0.096761962
106.9033813	0.10084018
107.442276	0.096307477
107.9812012	0.098634911
108.5201492	0.09883602
109.0591125	0.099174615
109.5980988	0.097096313
110.1371002	0.097422388
110.6761398	0.094086156
111.2151947	0.096476198
111.7542648	0.093874998
112.2933502	0.094409763
112.8324661	0.091847539
113.3715973	0.093953943
113.9107666	0.094261806
114.4499359	0.095741728
114.9891205	0.099872664
115.5283508	0.095519885
116.0675964	0.092255498
116.6068573	0.095995921
117.1461334	0.098874752
117.6854324	0.098607953
118.2247543	0.093905619
118.7641068	0.095098392
119.3034592	0.101939113
119.8428497	0.104527654
120.3822479	0.104883518
120.9216766	0.103268724
121.4611282	0.105107016
122.0005875	0.106233864
122.5400696	0.106785234
123.0795822	0.103811033
123.6191101	0.100180335
124.1586533	0.092866553
124.6982193	0.089009971
125.2378082	0.088030774
125.7774124	0.091008218
126.3170395	0.097660782
126.8566895	0.098523726
127.396347	0.098969941
127.9360428	0.102564802
128.4757385	0.100942759
129.0154724	0.104523275
129.5552216	0.095947177
130.094986	0.096363018
130.6347656	0.097055818
131.1745605	0.097894095
131.714386	0.099198578
132.2542419	0.101413418
132.7941132	0.101140484
133.3339691	0.104203434
133.8738708	0.107397103
134.4138031	0.111670836
134.9537506	0.116134582
135.4937134	0.111611425
136.0336761	0.112673447
136.5736847	0.110704533
137.1136932	0.113085091
137.6537323	0.112128259
138.1938019	0.107055509
138.7338562	0.11264278
139.273941	0.111396695
139.8140717	0.114251776
140.3542023	0.112787881
140.8943481	0.116377828
141.4345093	0.122795064
141.9747009	0.117114314
142.5149078	0.114802881
143.05513	0.1193184
143.5953674	0.115950152
144.1356201	0.11545603
144.6759033	0.11707266
145.2162018	0.117200112
145.7565155	0.120161715
146.2968597	0.122486825
146.837204	0.122604506
147.3775787	0.123785879
147.9179688	0.121363995
148.458374	0.12476531
148.9987946	0.124479142
149.5392303	0.124289306
150.0796967	0.12318661
150.6201782	0.125155615
151.160675	0.120606888
151.7011871	0.115874262
152.2417145	0.117919484
152.7822571	0.11518677
153.3228302	0.110213808
153.8634186	0.111152655
154.4040375	0.109970004
154.9446411	0.109819647
155.4852905	0.106469549
156.0259399	0.11001841
156.5666046	0.110833981
157.1072998	0.108254647
157.6480103	0.105324874
158.1887207	0.105646184
158.7294769	0.102869999
159.2702332	0.100894789
159.8110199	0.09956684
160.3518066	0.102223832
160.8926086	0.099353062
161.4334412	0.097042152
161.9742737	0.101631314
162.515152	0.097958512
163.0560303	0.100063107
163.5969086	0.101839056
164.1378326	0.098311266
164.6787567	0.102150712
165.2197113	0.098813311
165.7606506	0.099654027
166.3016357	0.095289279
166.8426514	0.094169033
167.3836365	0.092716563
167.9246979	0.088085543
168.4657135	0.08955348
169.0067902	0.09441552
169.5478516	0.095501551
170.0889587	0.093235946
170.6300659	0.092525284
171.1711884	0.092413029
171.7123413	0.096125413
172.2534943	0.088307197
172.7946472	0.093456491
173.3358612	0.094118103
173.8770599	0.093672172
174.4182892	0.098925325
174.9595337	0.097923883
175.5007782	0.101178295
176.0420532	0.099389119
176.5833282	0.104491497
177.1246338	0.100666831
177.6659546	0.102628403
178.2072754	0.106479249
178.748642	0.108036081
179.2899933	0.105498583
179.8313751	0.104499475
180.3727722	0.104706221
180.9141693	0.101502683
181.4556274	0.102801613
181.9970398	0.101884433
182.5384979	0.107923012
183.0799866	0.105608363
183.6214447	0.105831378
184.1629791	0.10439074
184.7044678	0.105337048
185.2460175	0.106843348
185.7875519	0.105771348
186.3291016	0.105464334
186.8707123	0.100792084
187.4122772	0.100139547
187.9539032	0.10011094
188.4955292	0.099309769
189.0371399	0.098001776
189.5788116	0.096337082
190.1204681	0.102639405
190.6621399	0.108771163
191.2038422	0.110304173
191.7455444	0.107741153
192.287262	0.108690382
192.82901	0.108321897
193.3707581	0.110329668
193.9125366	0.110783293
194.4542999	0.113079933
194.9960938	0.112957748
195.5379028	0.109593526
196.0797424	0.109585603
196.621582	0.110994768
197.1634064	0.113856251
197.7052765	0.117423923
198.2471619	0.120365545
198.7890625	0.120547994
199.3309631	0.121154629
199.872879	0.122019046
200.4148102	0.120347758
200.9567719	0.1170981
201.4987335	0.115217941
202.0407104	0.116826947
202.5826874	0.116702999
203.1246796	0.115678212
203.6667023	0.114473347
204.2087402	0.115976789
204.7507935	0.115548803
205.2928314	0.111385758
205.8348999	0.112889543
206.3769989	0.111650003
206.9190826	0.109763547
207.4611969	0.11323568
208.0033112	0.108591937
208.5454407	0.107788031
209.0876007	0.105693812
209.6297607	0.104350965
210.171936	0.105695679
210.7141266	0.104402933
211.2563171	0.104930563
211.7985229	0.107126436
212.340744	0.105967321
212.8830109	0.104451157
213.4252319	0.10560673
213.9674988	0.108658806
214.5097809	0.108179546
215.052063	0.106843375
215.5943909	0.106349591
216.136673	0.109454732
216.6790161	0.113482196
217.221344	0.114147746
217.7637024	0.10657416
218.306076	0.110305582
218.8484344	0.112078831
219.3908234	0.111915829
219.9332275	0.110793544
220.4756165	0.111731169
221.0180664	0.10905143
221.5605011	0.108276061
222.102951	0.108424992
222.645401	0.110746898
223.1878662	0.113208955
223.7303619	0.109665557
224.2728424	0.110165244
224.8153534	0.108763732
225.3578796	0.110064905
225.9004059	0.110246269
226.4429474	0.108498421
226.9855042	0.105901799
227.5280609	0.105230495
228.0706329	0.109792836
228.6132355	0.107248937
229.1558228	0.106294288
229.6984253	0.107406955
230.2410583	0.109463567
230.7837067	0.107563831
231.3263397	0.111582133
231.868988	0.110960971
232.4116516	0.112278716
232.9543304	0.113162709
233.4970245	0.109752789
234.0397186	0.112193008
234.582428	0.112502222
235.1251373	0.116675476
235.6678772	0.116864445
236.2106323	0.11580612
236.7533722	0.113821273
237.2961273	0.111374851
237.838913	0.111747716
238.3817139	0.113328573
238.9244995	0.115832554
239.4673157	0.113746761
240.0101166	0.115791723
240.552948	0.113548844
241.0957794	0.114637276
241.6386414	0.112145488
242.1815033	0.10931849
242.7243347	0.109110703
243.2672272	0.105601573
243.8101196	0.107128292
244.3530273	0.108690574
244.8959198	0.111459921
245.4388275	0.10884505
245.981781	0.109782724
246.5247192	0.11186495
247.0676575	0.117608035
247.6106262	0.121900713
248.1535797	0.126658301
248.6965637	0.121857365
249.2395477	0.117619774
249.7825623	0.118097752
250.3255615	0.116055148
250.8685608	0.121501952
251.4116058	0.121641696
251.9546356	0.119640799
252.4976807	0.120319094
253.040741	0.118208459
253.583786	0.122590158
254.1268616	0.124431545
254.6699524	0.122259355
255.2130432	0.114940722
255.756134	0.109904852
256.2992554	0.108198986
256.8423767	0.110993048
257.3855286	0.107871502
257.9286194	0.106366387
258.4717712	0.104925417
259.0149536	0.111327768
259.558075	0.115921351
260.1012268	0.114283269
260.6444397	0.114648251
261.1876221	0.106685921
261.7308044	0.111245738
262.2740173	0.111808517
262.8172607	0.114434817
263.3604431	0.117074535
263.9036865	0.112999515
264.4469604	0.112180119
264.9902039	0.111633547
265.5334167	0.11349504
266.0767212	0.115286871
266.6199951	0.117618851
267.163269	0.12103875
267.706543	0.119009761
268.2498474	0.118002082
268.7931519	0.114981648
269.3364563	0.108981249
269.8798218	0.112676141
270.4231262	0.115363813
270.9664612	0.119656414
271.5097961	0.124272476
272.0531616	0.119793853
272.5964966	0.122710442
273.1398926	0.127514654
273.6832581	0.126829483
274.2266541	0.130801401
274.77005	0.12780063
275.313446	0.128518026
275.856842	0.132076354
276.400238	0.133514405
276.9436646	0.131790588
277.4870911	0.127266351
278.0305176	0.129773974
278.5740051	0.133107825
279.1174316	0.136332026
279.6608887	0.139739968
280.2043457	0.132383271
280.7478638	0.131983907
281.2912903	0.129912713
281.8347778	0.122178254
282.3782654	0.119288189
282.9217529	0.120596805
283.465271	0.117143495
284.0088196	0.118658555
284.5523376	0.113784274
285.0958557	0.117502698
285.6393738	0.116567186
286.1829224	0.111487732
286.7264709	0.113907689
287.269989	0.111821048
287.8135986	0.119365671
288.3571167	0.116764223
288.9006958	0.11524854
289.4442749	0.113871572
289.987915	0.111904511
290.5314331	0.110596064
291.0750427	0.110331027
291.6186829	0.111853544
292.162262	0.115699224
292.7059021	0.116019178
293.2495422	0.109703705
293.7931213	0.110659278
294.3367615	0.106581557
294.8804016	0.107859527
295.4240723	0.105042925
295.9676819	0.107041502
296.5113525	0.110718737
297.0550537	0.104878488
297.5986938	0.101378196
298.142334	0.093375375
298.6860657	0.094308904
299.2297363	0.094296599
299.7733765	0.093033335
300.3171082	0.09330987
300.8608398	0.094929688
301.40448	0.09335449
301.9482422	0.08766202
302.4919434	0.087946898
303.0356445	0.091296604
303.5793762	0.093048669
304.1231384	0.086980815
304.6668396	0.093969386
305.2105713	0.093056081
305.7543335	0.098813263
306.2981262	0.095653664
306.8418274	0.100203854
307.3856201	0.10289238
307.9294128	0.1047495
308.4731445	0.106949479
309.0169373	0.108728893
309.56073	0.112982419
310.1044922	0.117920442
310.6482849	0.117698703
311.1921082	0.121032897
311.7359009	0.121448251
312.2796631	0.122793682
312.8234863	0.128109806
313.3673401	0.128284543
313.9111328	0.130501153
314.4549255	0.129473905
314.9987488	0.127186331
315.5426025	0.126838878
316.0863953	0.116828386
316.6302795	0.120702131
317.1741333	0.113295288
317.717926	0.116586785
318.2618103	0.123303007
318.8056641	0.11912926
319.3495178	0.116807086
319.8933716	0.113138356
320.4372559	0.104976887
320.9811096	0.10495577
321.5249634	0.098062936
322.0688477	0.099917825
322.6127625	0.103186978
323.1565857	0.101225364
323.7005005	0.09819827
324.2444153	0.099452911
324.788269	0.101833301
325.3321533	0.097787991
325.8760681	0.103206655
326.4199829	0.105566176
326.9638672	0.109729091
327.5078125	0.109113037
328.0516663	0.107287261
328.5955811	0.10683369
329.1395264	0.112559543
329.6834717	0.114437054
330.2273865	0.116948883
330.7713013	0.114899472
331.3152466	0.111994979
331.8591614	0.111958718
332.4031067	0.108460491
332.9470215	0.110136335
333.4909973	0.107388751
334.0348816	0.107394014
334.5788574	0.103460496
335.1228333	0.104651834
335.6667786	0.108027261
336.2107239	0.10942107
336.7546692	0.108847552
337.298645	0.100308554
337.8425903	0.102825423
338.3865356	0.106336172
338.9305115	0.102990239
339.4744568	0.099061229
340.0184631	0.094924955
340.562439	0.092860323
341.1064148	0.105713726
341.6503906	0.11098973
342.1943665	0.123864058
342.7383118	0.122909231
343.2823181	0.126470888
343.8262939	0.131019316
344.3702698	0.141978102
344.9142456	0.149147444
345.458252	0.150023327
346.0022583	0.154577632
346.5462646	0.148238014
347.09021	0.149236847
347.6342163	0.157485941
348.1781921	0.164498274
348.7221985	0.155736904
349.2662354	0.157251208
349.8102112	0.155388665
350.354187	0.166168986
350.8981934	0.167469904
351.4422302	0.159518783
351.9862366	0.16497904
352.5302124	0.158605793
353.0742188	0.17125958
353.6182556	0.165193489
354.1622314	0.160743322
354.7062683	0.14791828
355.2502747	0.140581474
355.7942505	0.142008338
356.3382874	0.142271481
356.8823242	0.145863734
357.4263	0.141174763
357.9703369	0.138757264
358.5143738	0.133352224
359.0583191	0.137992243
359.602356	0.131360477
360.1463928	0.135695173
360.6904297	0.133522593
361.234375	0.13828285
361.7784424	0.143949753
362.3224792	0.141163465
362.8664551	0.137409437
363.4104919	0.137622534
363.9544983	0.133533122
364.4984741	0.137699989
365.042511	0.141878679
365.5865784	0.142575002
366.1306152	0.144883038
366.6745911	0.147341518
367.2185974	0.153772576
367.7626648	0.162746624
368.3066101	0.150618965
368.8506775	0.150430862
369.3946838	0.1489005
369.9386597	0.145922808
370.4826965	0.143428044
371.0267029	0.134737211
371.5707703	0.134305743
372.1147156	0.13349237
372.6587524	0.129949141
373.2027893	0.135676853
373.7467651	0.122281293
374.290802	0.127004313
374.8348389	0.126595233
375.3787842	0.12462114
375.922821	0.129031553
376.4668579	0.120932156
377.0108948	0.110868542
377.5548401	0.097618913
378.0988464	0.104683173
378.6428528	0.110403232
379.1868286	0.107019332
379.7308655	0.101485362
380.2748718	0.112210032
380.8188171	0.115985946
381.362854	0.116342599
381.9068604	0.108825453
382.4508667	0.104030046
382.994812	0.094160038
383.5388489	0.094567072
384.0828247	0.105560576
384.62677	0.102190717
385.1707764	0.102350067
385.7148132	0.098292397
386.258728	0.113686162
386.8027344	0.122824288
387.3467407	0.121542486
387.8907471	0.123106587
388.4346619	0.110299053
388.9786682	0.118071412
389.522644	0.120821715
390.0665894	0.128496648
390.6105652	0.121671181
391.154541	0.114348101
391.6984863	0.123417584
392.2424622	0.126901786
392.786438	0.129467686
393.3304138	0.141104497
393.8743286	0.140848535
394.4183044	0.139574163
394.9622498	0.147690762
395.5061646	0.144635005
396.0501099	0.14628302
396.5940552	0.126540777
397.13797	0.114891104
397.6819153	0.121000598
398.2258911	0.127054587
398.7698364	0.132842883
399.3137207	0.12326114
399.857666	0.129659297
400.4016113	0.138266926
400.9454956	0.150346852
401.4894409	0.157311099
402.0333557	0.153140746
402.5772095	0.157133938
403.1211243	0.149721252
403.6650696	0.151152277
404.2089844	0.149423791
404.7528381	0.141757299
405.2967529	0.136723512
405.8406677	0.14459579
406.384491	0.148228039
406.9284058	0.153158555
407.47229	0.166596083
408.0161438	0.160633293
408.5600281	0.162571387
409.1039124	0.164995223
409.6477966	0.171640314
410.1916504	0.168604607
410.7355042	0.153376424
411.2793884	0.139245285
411.8231812	0.137687961
412.3670349	0.134488597
412.9108887	0.127502849
413.4547119	0.13121676
413.9985657	0.124403941
414.5424194	0.126628617
415.0862122	0.131485227
415.6300659	0.12799017
416.1738586	0.117974778
416.7177124	0.118112624
417.2614746	0.108315978
417.8052979	0.093900132
418.3491211	0.095499771
418.8928528	0.093355857
419.436676	0.085440311
419.9804993	0.079477556
420.524231	0.075827356
421.0680237	0.080405456
421.6118164	0.086932193
422.1555786	0.083126702
422.6993408	0.085596601
423.243103	0.082568151
423.7868652	0.086093836
424.3305969	0.091174807
424.8743591	0.082372009
425.4181213	0.078014159
425.961792	0.079055323
426.5055237	0.084496105
427.0492859	0.079438354
427.5930481	0.084591172
428.1366882	0.09537125
428.6804199	0.096759769
429.2241516	0.098766978
429.7677917	0.097071346
430.3115234	0.098763055
430.8552246	0.095264833
431.3988647	0.091593123
431.9425354	0.090089364
432.4862366	0.090943996
433.0299072	0.086438424
433.5735474	0.08554518
434.117218	0.080406229
434.6608887	0.073471449
435.2044983	0.076807674
435.7481384	0.074794384
436.2918091	0.070496679
436.8353577	0.06549704
437.3789978	0.066880609
437.9226379	0.070763864
438.4662476	0.067292658
439.0097961	0.065080969
439.5534363	0.056516677
440.0970154	0.061027417
440.640564	0.059509296
441.1841431	0.061049709
441.7277832	0.065557098
442.2712708	0.065198033
442.8148499	0.06768453
443.358429	0.070975275
443.9019775	0.072165188
444.4454651	0.072574108
444.9890137	0.072762115
445.5325928	0.070627204
446.0760498	0.075146114
446.6195679	0.076657889
447.1630859	0.078121556
447.706543	0.077763538
448.250061	0.072489983
448.7935486	0.071733422
449.3370667	0.071685568
449.8804932	0.074506115
450.4239502	0.072679456
450.9674072	0.073700874
451.5108032	0.071630507
452.0542908	0.070665338
452.5977478	0.06807379
453.1411133	0.062592302
453.6845703	0.059770815
454.2279968	0.06148952
454.7713928	0.062847008
455.3147583	0.06464734
455.8581543	0.065857
456.4015808	0.065661117
456.9448853	0.066460507
457.4882813	0.066397991
458.0316467	0.067759634
458.5749512	0.069188211
459.1183167	0.067380218
459.6616516	0.065778315
460.2050171	0.06439582
460.748291	0.066308632
461.2915955	0.065783793
461.8349609	0.064860422
462.3782043	0.06179622
462.9214783	0.063887818
463.4648132	0.066251216
464.0080261	0.064999549
464.5513	0.0613015
465.094574	0.060946124
465.6378479	0.060783305
466.1810303	0.061263902
466.7242432	0.05707871
467.2675171	0.056065705
467.8106689	0.053981715
468.3538818	0.052988238
468.8971252	0.052920825
469.4402466	0.054999302
469.9834595	0.055427405
470.5266418	0.055243279
471.0697937	0.054591644
471.612915	0.055330299
472.1560974	0.058228542
472.6992493	0.059453036
473.2423096	0.057295779
473.7854309	0.056058728
474.3285828	0.05547451
474.8716125	0.057026156
475.4147339	0.057005193
475.9578247	0.054857222
476.500885	0.054192976
477.0439148	0.055597277
477.5869751	0.057460774
478.1300354	0.059645465
478.6730347	0.058703362
479.2160645	0.057246035
479.7590942	0.055916896
480.302063	0.056296782
480.8450623	0.057227562
481.3880615	0.055145468
481.9309998	0.055497076
482.4739685	0.052382389
483.0169678	0.053055808
483.5599365	0.054722383
484.1028137	0.054816744
484.645752	0.056584472
485.1886902	0.057290868
485.7315369	0.05686614
486.2744446	0.059174519
486.8173523	0.059222642
487.360199	0.058220819
487.9030762	0.057512481
488.4459534	0.056808415
488.9888	0.05880001
489.5316162	0.05913021
490.0744324	0.05893438
490.6172791	0.058986709
491.1600342	0.058484959
491.7028198	0.05946216
492.245636	0.05765216
492.7883911	0.058828002
493.3311462	0.059167342
493.8739014	0.058536555
494.4166565	0.059998257
494.9593506	0.059065364
495.5020752	0.057809316
496.0447998	0.058473132
496.5874634	0.059006932
497.1301575	0.059172271
497.6728516	0.059443867
498.2154846	0.05954462
498.7581482	0.059784022
499.3007813	0.059721421
499.8434448	0.060547791
500.3860168	0.061670216
500.9286194	0.060854003
501.4712524	0.062307284
502.0137634	0.062458759
502.5563965	0.064530019
503.098938	0.065242433
503.641449	0.066599717
504.1839905	0.067469227
504.7265625	0.066947667
505.2690735	0.068361274
505.811554	0.069470753
506.3540344	0.070378013
506.8965454	0.070518362
507.4389648	0.071677257
507.9814453	0.072339697
508.5239258	0.073138708
509.0662842	0.074570829
509.6087341	0.074991567
510.151123	0.074824432
510.6936035	0.074654945
511.2359009	0.075893176
511.7783203	0.075636672
512.3206787	0.076361923
512.8629761	0.075059765
513.4052734	0.075577826
513.9476929	0.075379855
514.4899292	0.07621052
515.0322266	0.076790309
515.574585	0.077538859
516.1168823	0.078187994
516.6590576	0.078010164
517.2012939	0.078863659
517.7435913	0.07898735
518.2857056	0.079749436
518.8280029	0.080256921
519.3701782	0.08012286
519.9122925	0.081203103
520.4545288	0.082493502
520.9967041	0.083851658
521.5388184	0.084194025
522.0809326	0.085015648
522.6230469	0.086075989
523.1652222	0.088528417
523.7072144	0.089412958
524.2493286	0.090453951
524.7913818	0.09129054
525.333374	0.092308658
525.8754883	0.093247
526.4174805	0.094193429
526.9595337	0.095297635
527.5015259	0.095580105
528.0435181	0.096417804
528.5855103	0.097404399
529.1273804	0.098008355
529.6693115	0.099337553
530.2113037	0.100469917
530.7531738	0.101548869
531.2950439	0.101867086
531.8370361	0.103256152
532.3788452	0.104123133
532.9206543	0.105086162
533.4625854	0.106410921
534.0044556	0.107499532
534.5462036	0.108438387
535.0880127	0.109141189
535.6298218	0.110730413
536.1715698	0.111499263
536.7133789	0.112832567
537.255127	0.11393441
537.796814	0.115415575
538.338501	0.116617574
538.880249	0.118144474
539.421936	0.119607078
539.963562	0.120801375
540.505249	0.121971991
541.046875	0.122842033
541.588501	0.124387955
542.130127	0.125679011
542.6717529	0.127215772
543.2133179	0.128535662
543.7548828	0.129606062
544.2964478	0.130688985
544.8380127	0.132324595
545.3794556	0.133778373
545.9210205	0.134901592
546.4625244	0.136517722
547.0039673	0.138235493
547.5454712	0.139729009
548.0869141	0.141290013
548.6283569	0.143133293
549.1697388	0.144495971
549.7111816	0.145744503
550.2526245	0.147112587
550.7939453	0.148809822
551.3352661	0.150820639
551.8766479	0.152289279
552.4179688	0.153851264
552.9592285	0.155552305
553.5005493	0.157126815
554.0418091	0.158664545
554.5830688	0.160093841
555.1243896	0.161331513
555.6655884	0.163145132
556.2067871	0.164468315
556.7479858	0.165606915
557.2891846	0.166528218
557.8303223	0.168087852
558.37146	0.169542541
558.9126587	0.170938583
559.4537354	0.172196048
559.994812	0.173979352
560.5359497	0.175015322
561.0770264	0.176298496
561.618042	0.177615234
562.1591187	0.178787572
562.7001343	0.180230274
563.2411499	0.18126285
563.7821655	0.182423681
564.3231201	0.183597667
564.8640137	0.185138829
565.4049683	0.186442604
565.9459229	0.187435504
566.4868164	0.18840857
567.0276489	0.189536302
567.5686035	0.190986237
568.109436	0.192006585
568.6502075	0.19309708
569.1911011	0.193831965
569.7319336	0.194602434
570.272644	0.195573932
570.8134155	0.196363102
571.354187	0.197027278
571.8949585	0.197857485
572.4356079	0.198522121
572.9763794	0.199225425
573.5170288	0.199865752
574.0576782	0.200526698
574.5982666	0.201247088
575.1389771	0.201521714
575.6795044	0.202131209
576.2201538	0.202686408
576.7607422	0.203757163
577.3013306	0.204395174
577.8417969	0.204605785
578.3823853	0.204815911
578.9228516	0.205215147
579.4633179	0.205569225
580.0038452	0.205972982
580.5443115	0.206209372
581.0847168	0.206766441
581.6251221	0.206906562
582.1655884	0.206752268
582.7059326	0.207100186
583.2462769	0.207020398
583.7866211	0.206815389
584.3269653	0.206684246
584.8671875	0.206401847
585.4075317	0.20635902
585.9478149	0.206269859
586.4880371	0.206007782
587.0282593	0.205427554
587.5684814	0.205399248
588.1087646	0.205475777
588.6489258	0.205211329
589.1890869	0.204456618
589.729187	0.204278361
590.2692871	0.203848529
590.8094482	0.203338039
591.3494873	0.202812392
591.8895874	0.202242347
592.4296265	0.201845309
592.9696655	0.2012171
593.5097046	0.201015108
594.0496216	0.20089199
594.5895996	0.200194648
595.1295776	0.199927506
595.6694336	0.199171516
596.2094116	0.198538526
596.7493286	0.198315431
597.2891235	0.197748815
597.8289795	0.19684896
598.3688965	0.196202427
598.9087524	0.195601526
599.4484863	0.194880432
599.9882202	0.194209649
600.5280151	0.193491323
601.067749	0.192821334
601.6074219	0.192174083
602.1471558	0.191387577
602.6868286	0.190608743
603.2264404	0.18969461
603.7661133	0.188521512
604.3057861	0.187287437
604.8453369	0.186611107
605.3849487	0.185352942
605.9244995	0.184447891
606.4640503	0.183275839
607.00354	0.181857026
607.5430908	0.180715658
608.0825195	0.179691577
608.6219482	0.178093712
609.161438	0.176746675
609.7008667	0.175554547
610.2402344	0.174141464
610.779541	0.172782193
611.3189697	0.171085129
611.8582153	0.169480815
612.397583	0.168105707
612.9369507	0.166362239
613.4761963	0.164924887
614.0153809	0.163284677
614.5546875	0.16176483
615.0938721	0.160218043
615.6330566	0.158727309
616.1721802	0.157330915
616.7113647	0.15573563
617.2505493	0.154027345
617.7895508	0.152488649
618.3286743	0.150972844
618.8677979	0.149539176
619.4067383	0.148033584
619.9458618	0.146492107
620.4848022	0.14503172
621.0237427	0.143495194
621.5627441	0.141945427
622.1016846	0.140420345
622.640625	0.138726141
623.1794434	0.137180697
623.7183838	0.135502708
624.2572632	0.134088817
624.7960205	0.132534502
625.3348389	0.130713054
625.8736572	0.129260829
626.4122925	0.127707557
626.9510498	0.125977774
627.4898682	0.124491504
628.0285645	0.122884347
628.5671997	0.121085198
629.105896	0.119415673
629.6444702	0.117795595
630.1830444	0.116145915
630.7216797	0.114417653
631.2602539	0.112865223
631.7987671	0.111456761
632.3372803	0.109960539
632.8757935	0.108628852
633.4142456	0.10731808
633.9526978	0.105847759
634.4911499	0.104243946
635.0296021	0.10284952
635.5678711	0.101567913
636.1062622	0.099925596
636.6446533	0.098436653
637.1829224	0.096931796
637.7212524	0.095521935
638.2595215	0.094109561
638.7977905	0.092687212
639.3359985	0.091277046
639.8741455	0.089951431
640.4123535	0.088529818
640.9505005	0.087140024
641.4886475	0.085735478
642.0267944	0.08429068
642.5648193	0.08295892
643.1029053	0.08149234
643.6409302	0.080091975
644.1790161	0.078759697
644.71698	0.077328412
645.2549438	0.075928821
645.7929077	0.074511378
646.3308105	0.073280925
646.8687134	0.071923571
647.4065552	0.070713877
647.944397	0.069366219
648.4822388	0.068026157
649.0200806	0.066784675
649.5578613	0.06551916
650.0955811	0.064167232
650.6333618	0.062939664
651.1710815	0.061843419
651.7087402	0.060643873
652.2463989	0.059472729
652.7840576	0.058217217
653.3215942	0.056994449
653.8592529	0.055815426
654.3967896	0.054684642
654.9343262	0.053670345
655.4718018	0.052617025
656.0093384	0.051655472
656.546814	0.050534134
657.0842896	0.049486752
657.6216431	0.048585958
658.1590576	0.047623021
658.6964111	0.046761147
659.2338257	0.045759639
659.7711182	0.044876124
660.3084106	0.044013725
660.8457031	0.043223053
661.3829346	0.042216107
661.9202271	0.041476202
662.4573364	0.040615087
662.9945068	0.039913593
663.5316772	0.039247581
664.0687866	0.038527425
664.605896	0.037739229
665.1430054	0.036901948
665.6799927	0.036206964
666.21698	0.035442939
666.7540283	0.034810659
667.2910156	0.034229605
667.8279419	0.033524337
668.3648682	0.032956052
668.9017944	0.032236247
669.4385986	0.031654083
669.9754639	0.031116689
670.5123291	0.030533636
671.0490723	0.029930176
671.5858765	0.029509283
672.1226196	0.028982933
672.6593628	0.028690848
673.1959839	0.028108596
673.7327271	0.027666166
674.2693481	0.027294059
674.8059082	0.026902604
675.3425293	0.026762706
675.8790894	0.026369546
676.4155884	0.026070822
676.9521484	0.025736583
677.4885864	0.025304587
678.0250854	0.025055293
678.5614624	0.024687729
679.0979614	0.024420636
679.6342773	0.024142829
680.1706543	0.023929589
680.7069702	0.023781639
681.2432861	0.02354979
681.77948	0.023245749
682.3157959	0.023092612
682.8520508	0.022765523
683.3882446	0.022681883
683.9243774	0.022543043
684.4605103	0.022350746
684.9966431	0.022324997
685.5326538	0.022193873
686.0687256	0.02214462
686.6047974	0.022103828
687.1408081	0.02204706
687.6767578	0.022128441
688.2127686	0.02208065
688.7487183	0.022099113
689.2845459	0.02214198
689.8204346	0.02221137
690.3562622	0.022188701
690.8920898	0.022166608
691.4279175	0.02225149
691.9636841	0.022416016
692.4993286	0.022443946
693.0350342	0.022518731
693.5708008	0.022537049
694.1064453	0.022615743
694.6420288	0.022727641
695.1776733	0.022741719
695.7132568	0.022797077
696.2487793	0.022860547
696.7842407	0.0229303
697.3197632	0.02306879
697.8551636	0.023126902
698.390625	0.023316995
698.9260254	0.023442662
699.4614258	0.023588448
699.9967651	0.023745915
700.5321045	0.024003418
701.0674438	0.024246178
701.6026001	0.024406843
702.1378784	0.02447588
702.6730957	0.024633534
703.208252	0.024853214
703.7433472	0.025150769
704.2785034	0.025360015
704.8136597	0.025607893
705.3486328	0.02590144
705.883728	0.026110423
706.4187012	0.026374158
706.9536743	0.026634946
707.4886475	0.026883042
708.0236206	0.02712328
708.5584717	0.027390321
709.0933228	0.02769905
709.6281738	0.027921003
710.1629639	0.028125409
710.6977539	0.028309127
711.2324829	0.0285699
711.7672729	0.028912831
712.3018799	0.029331155
712.8365479	0.029554238
713.3712158	0.029808635
713.9058228	0.03000299
714.4403687	0.030317325
714.9749146	0.030609015
715.5094604	0.030881391
716.0438843	0.031169257
716.5783691	0.031444764
717.112854	0.031667735
717.6472168	0.031970017
718.1815796	0.03224178
718.7158813	0.032491283
719.2501831	0.032763855
719.7844849	0.033120042
720.3187256	0.033497196
720.8529663	0.033685522
721.387146	0.033928999
721.9213257	0.034066071
722.4554443	0.034280238
722.989502	0.034610798
723.5236206	0.034862811
724.0576782	0.035119441
724.5916138	0.035290874
725.1256104	0.035533366
725.6596069	0.035707968
726.1934204	0.03601485
726.727356	0.036212043
727.2612305	0.036518823
727.795105	0.036738566
728.3288574	0.037000902
728.8626099	0.037280411
729.3963623	0.037472239
729.9300537	0.037646813
730.4637451	0.037872106
730.9974365	0.038168379
731.5309448	0.038405795
732.0645752	0.038712407
732.5981445	0.0388863
733.1317139	0.039116811
733.6651001	0.039335818
734.1986694	0.039658251
734.7320557	0.039888726
735.2654419	0.040041183
735.7987671	0.040314931
736.3321533	0.040535235
736.8654175	0.040781937
737.3986816	0.040962105
737.9320068	0.041119302
738.46521	0.04131766
738.9983521	0.041438802
739.5315552	0.041664731
740.0646973	0.041785165
740.5976563	0.041886038
741.1307373	0.042038104
741.6638184	0.042092385
742.1967163	0.042241181
742.7297363	0.04231991
743.2626953	0.042469322
743.7955933	0.042612047
744.3284302	0.042646589
744.8612671	0.042825972
745.394104	0.042981072
745.9268188	0.043028453
746.4595947	0.043030416
746.9923096	0.043140251
747.5249023	0.043264235
748.0576172	0.043449635
748.59021	0.043491104
749.1228027	0.043682925
749.6552734	0.043778154
750.1878052	0.043940519
750.7203369	0.044044288
751.2527466	0.044120334
751.7851563	0.044329742
752.3175659	0.044361125
752.8499146	0.044554345
753.3822021	0.044597484
753.9145508	0.044624643
754.4467773	0.04471166
754.9789429	0.044728549
755.5111694	0.04473607
756.043335	0.044853121
756.5754395	0.044982742
757.1075439	0.045036596
757.6395874	0.045018177
758.1715698	0.045011422
758.7036133	0.045138583
759.2355347	0.045135546
759.7675171	0.045213679
760.2993164	0.045260133
760.8312378	0.045312371
761.3630981	0.045318442
761.8948364	0.045249981
762.4265747	0.045348588
762.958313	0.045330669
763.4899902	0.045370139
764.0216064	0.045466088
764.5533447	0.045550222
765.0848999	0.045645948
765.6164551	0.045680738
766.1479492	0.0457084
766.6794434	0.045730886
767.2108765	0.045799315
767.7423706	0.045802306
768.2736816	0.045901657
768.8049927	0.045840094
769.3364258	0.045882311
769.8676758	0.045845872
770.3989258	0.045904526
770.9301147	0.045975633
771.4613647	0.046002799
771.9924927	0.046101955
772.5235596	0.046097486
773.0546265	0.046160603
773.5857544	0.046166903
774.1166992	0.046156178
774.6477051	0.046087196
775.1786499	0.046069691
775.7095947	0.046104472
776.2404175	0.046170919
776.7712402	0.046182698
777.302124	0.046121894
777.8328247	0.046175923
778.3635864	0.046108364
778.8943481	0.046194242
779.4249268	0.046184392
779.9555664	0.046199047
780.4862061	0.046180862
781.0167847	0.046203535
781.5472412	0.046302119
782.0777588	0.046146609
782.6082764	0.046164501
783.1386719	0.046144401
783.6690674	0.046152188
784.1994629	0.046223892
784.7297363	0.046186518
785.2600098	0.046224565
785.7902832	0.046230962
786.3204956	0.046193537
786.8505859	0.04622836
787.3807983	0.046220823
787.9108887	0.046169053
788.440918	0.046125935
788.9710083	0.046122278
789.5009766	0.046231743
790.0309448	0.046254906
790.5608521	0.046242267
791.0907593	0.046270199
791.6206055	0.046286057
792.1504517	0.046434018
792.6802368	0.046481592
793.2099609	0.046520648
793.7396851	0.04660021
794.2693481	0.046586727
794.7990112	0.046822017
795.3285522	0.046847476
795.8581543	0.046991748
796.3876953	0.04704127
796.9171753	0.047055718
797.4465942	0.047259164
797.9761353	0.047442272
798.5054932	0.047590658
799.03479	0.047640667
799.5640869	0.047585923
800.0934448	0.047727089
800.6226196	0.047929759
801.1518555	0.047926786
801.6810303	0.04802088
802.210083	0.048086943
802.7392578	0.048189992
803.2683105	0.048259288
803.7973633	0.048356585
804.3262939	0.048531663
804.8552246	0.048578042
805.3841553	0.048746981
805.9130249	0.04881704
806.4418335	0.048992664
806.9706421	0.048974486
807.4993896	0.04900875
808.0281372	0.049135813
808.5568848	0.049287382
809.0855103	0.049398147
809.6140747	0.049580293
810.1426392	0.049597254
810.6712036	0.049687437
811.199707	0.0498616
811.7281494	0.050016147
812.2565918	0.050179709
812.7849731	0.050307794
813.3133545	0.050470299
813.8416748	0.050552816
814.3699341	0.050627948
814.8981323	0.050639351
815.4263306	0.050587378
815.9545288	0.050611643
816.482605	0.050664719
817.0106812	0.050973746
817.5387573	0.051112711
818.0667114	0.051285905
818.5947266	0.05135468
819.1226196	0.051480239
819.6506348	0.051624479
820.1784058	0.051733501
820.7062378	0.051820924
821.2340088	0.051849589
821.7617188	0.051969394
822.2894287	0.052134445
822.8170776	0.052255564
823.3447266	0.052398096
823.8723145	0.052465682
824.3999023	0.05259372
824.9274292	0.052861635
825.454834	0.053093868
825.9822388	0.053293378
826.5096436	0.053368188
827.0370483	0.053452445
827.5643311	0.053613477
828.0916138	0.053773898
828.6188354	0.053897427
829.1459961	0.054127977
829.6732178	0.054321638
830.2003174	0.054541754
830.727417	0.054755277
831.2544556	0.055066195
831.7814941	0.055083737
832.3084106	0.055204868
832.8353271	0.055415568
833.3622437	0.055648254
833.8890381	0.056062047
834.4158325	0.056114027
834.942627	0.056172721
835.4693604	0.056467227
835.9960327	0.056709848
836.5227051	0.056931701
837.0493164	0.057136228
837.5758667	0.057359642
838.102417	0.057451638
838.6289063	0.057802066
839.1553345	0.057883312
839.6817627	0.058016825
840.2081299	0.058320201
840.734436	0.058357808
841.2607422	0.058567849
841.7869873	0.05893124
842.3132324	0.059047898
842.8392944	0.059181999
843.3654785	0.059413869
843.8916016	0.059451608
844.4176025	0.059750318
844.9436035	0.060058136
845.4696045	0.060135081
845.9955444	0.06031204
846.5214233	0.060490958
847.0472412	0.060694063
847.5731201	0.060847316
848.0988159	0.06099473
848.6245117	0.061123861
849.1502686	0.061466956
849.6758423	0.061652684
850.201416	0.061902787
850.7270508	0.062147094
851.2525635	0.062175624
851.7780151	0.062252666
852.3034668	0.062431524
852.8288574	0.062704284
853.354187	0.062825916
853.8795776	0.062888757
854.4048462	0.063032931
854.9300537	0.063152081
855.4552002	0.063307725
855.9803467	0.063431655
856.5054321	0.063703078
857.0305176	0.06378866
857.555603	0.063918988
858.0805664	0.064148164
858.6054688	0.064297079
859.1303711	0.064367505
859.6552734	0.064559695
860.1800537	0.064586874
860.704834	0.064800273
861.2295532	0.065147849
861.7542725	0.0652996
862.2788696	0.065627525
862.8035278	0.065827463
863.328064	0.066040574
863.8525391	0.06634123
864.3771362	0.066536183
864.9015503	0.066720409
865.4259033	0.066931896
865.9502563	0.067113909
866.4746094	0.067359232
866.9988403	0.067692307
867.5230713	0.06796261
868.0472412	0.068120425
868.5714111	0.06834171
869.095459	0.068591797
869.6195679	0.068775719
870.1435547	0.068908744
870.6675415	0.069178958
871.1914673	0.069396349
871.7153931	0.069663083
872.2391968	0.069886253
872.7630005	0.069783742
873.2867432	0.069923279
873.8104858	0.070185705
874.3341675	0.070372726
874.8577881	0.070504361
875.3814087	0.070575467
875.9049072	0.070724359
876.4284058	0.070754677
876.9519043	0.070841542
877.4752808	0.070987003
877.9986572	0.07116765
878.5220337	0.071193451
879.0453491	0.071351887
879.5685425	0.071482105
880.0917358	0.071768893
880.6149292	0.071643555
881.1380005	0.071575368
881.6610718	0.071569843
882.184082	0.071605207
882.7070313	0.071895117
883.2300415	0.072038112
883.7529297	0.072177844
884.2758179	0.072275808
884.7985229	0.072429336
885.3212891	0.0725619
885.8440552	0.072730505
886.3666992	0.073028661
886.8893433	0.073134986
887.4119263	0.073260886
887.9344482	0.073300465
888.4569702	0.073481096
888.9794312	0.073529725
889.5018921	0.073685284
890.0241699	0.073698666
890.5465698	0.074037745
891.0688477	0.074206483
891.5910034	0.074475802
892.1132202	0.074585411
892.635376	0.074785701
893.1574097	0.074945031
893.6795044	0.075017097
894.2014771	0.075209601
894.7235107	0.07536733
895.2453613	0.075631692
895.7672729	0.075730026
896.2891235	0.0756532
896.8108521	0.075756421
897.3325806	0.075840648
897.8543091	0.076038596
898.3759155	0.076288061
898.897583	0.076438511
899.4191895	0.076600649
899.9406738	0.07678145
900.4621582	0.076919688
900.9835815	0.077117945
901.5049438	0.077374681
902.0262451	0.077446853
902.5475464	0.07750475
903.0687866	0.077591294
903.5899658	0.077694055
904.111145	0.077848795
904.6322632	0.078038682
905.1533813	0.078217154
905.6743164	0.078446273
906.1953125	0.078643095
906.7162476	0.078965844
907.2370605	0.079175087
907.7579346	0.079332618
908.2787476	0.079564358
908.7994385	0.079656872
909.3201294	0.079774825
909.8408813	0.079952632
910.3614502	0.079969295
910.881958	0.08013013
911.4024658	0.080060302
911.9229736	0.08026005
912.4433594	0.080447127
912.9637451	0.08075272
913.4840698	0.080894134
914.0042725	0.08106842
914.5245972	0.081124125
915.0447998	0.081171352
915.5649414	0.081224858
916.085022	0.08128805
916.6051025	0.081409393
917.125061	0.081573365
917.6450195	0.081722928
918.164917	0.081695799
918.6847534	0.081871056
919.2045288	0.082067086
919.7243042	0.082294283
920.2440796	0.082599889
920.7637939	0.082717991
921.2833862	0.082846977
921.8029785	0.083004295
922.3225098	0.083210537
922.8419189	0.083163668
923.3614502	0.083322235
923.8807983	0.083430804
924.4000854	0.083521641
924.9194336	0.0837017
925.4387207	0.083805279
925.9578247	0.084178931
926.4770508	0.084173746
926.9961548	0.084339025
927.5152588	0.084499104
928.0341797	0.084700167
928.5532227	0.084927709
929.0720825	0.08491508
929.5909424	0.084782439
930.1098022	0.084924557
930.6286011	0.085015219
931.1472778	0.08522546
931.6659546	0.085433075
932.1846313	0.085371949
932.703186	0.085568871
933.2216797	0.085704521
933.7401733	0.085839256
934.258606	0.086218574
934.7769775	0.086178087
935.2953491	0.086453278
935.8136597	0.086624071
936.3319092	0.086836831
936.8500977	0.08693943
937.3682861	0.086990445
937.8863525	0.087211782
938.4043579	0.087356445
938.9224243	0.087793328
939.4403687	0.088082952
939.9581909	0.088249096
940.4760742	0.088232878
940.9938965	0.088463093
941.5116577	0.088440503
942.0293579	0.088889858
942.5470581	0.088975912
943.0646973	0.089074905
943.5822144	0.089376201
944.0997314	0.08944312
944.6171875	0.090165503
945.1345825	0.090209406
945.6519775	0.090349042
946.1693115	0.090337572
946.6865234	0.090519198
947.2037354	0.090774665
947.7209473	0.090802188
948.2380981	0.091078379
948.7550659	0.090870779
949.2721558	0.091220766
949.7891235	0.091347613
950.3060303	0.091631549
950.822937	0.091730699
951.3397827	0.091725048
951.8564453	0.091813605
952.37323	0.092108403
952.8898926	0.092332789
953.4065552	0.092299745
953.9230957	0.092471328
954.4396362	0.092195425
954.9561157	0.09240966
955.4725342	0.092487167
955.9888916	0.09288456
956.505249	0.092979309
957.0214844	0.093012016
957.5377808	0.093247233
958.0539551	0.093379859
958.5700684	0.093586161
959.0861206	0.093518009
959.6021118	0.093576024
960.1181641	0.094037449
960.6340332	0.09429753
961.1499023	0.094966048
961.6657104	0.094982314
962.1814575	0.094905142
962.6972046	0.094949647
963.2128906	0.09518992
963.7285156	0.095486765
964.2440796	0.095631119
964.7595825	0.095911032
965.2750854	0.096157753
965.7904053	0.09655589
966.3057861	0.096670622
966.821167	0.096853744
967.3363647	0.096704306
967.8516235	0.096786445
968.3668213	0.097191497
968.881958	0.097623968
969.3969116	0.097998104
969.9119873	0.098006861
970.4269409	0.098129062
970.9418335	0.098023532
971.456665	0.09837293
971.9714966	0.098654414
972.4862061	0.098842546
973.0009155	0.099007012
973.515564	0.099273259
974.0302124	0.099735177
974.5446777	0.099924706
975.0592041	0.10018147
975.5736694	0.099941781
976.0880127	0.100340576
976.602356	0.100895203
977.1166992	0.101365319
977.6308594	0.101630449
978.1450195	0.102008376
978.6592407	0.101932805
979.1733398	0.102064496
979.6873169	0.102472477
980.2012939	0.102775884
980.71521	0.103138263
981.2290649	0.103529982
981.7428589	0.104007186
982.2566528	0.104577463
982.7703247	0.10517209
983.2839966	0.105166747
983.7976074	0.105396417
984.3111572	0.10573222
984.824707	0.105980531
985.3380737	0.106730448
985.8515015	0.106544701
986.3648682	0.106904277
986.8781738	0.10750055
987.3914185	0.107755994
987.904541	0.10784167
988.4176636	0.108418749
988.9307861	0.108503176
989.4438477	0.108659046
989.9567261	0.109154394
990.4697266	0.10956212
990.982605	0.109565669
991.4953003	0.109537366
992.0081787	0.10970625
992.520874	0.109812249
993.0334473	0.110058228
993.5460815	0.110488123
994.0586548	0.110446385
994.571167	0.110662742
995.0836182	0.110566781
995.5959473	0.111019823
996.1083374	0.111260367
996.6206055	0.110817485
997.1328735	0.110895004
997.6450195	0.110987491
998.1571045	0.110919496
998.6691284	0.111404376
999.1811523	0.111272078
999.6931152	0.111022111
1000.205017	0.111145499
1000.716858	0.111153836
1001.22876	0.111542414
1001.740417	0.11146153
1002.252136	0.111518036
1002.763733	0.11153187
1003.27533	0.111515094
1003.786804	0.111964777
1004.29834	0.111948893
1004.809692	0.111926171
1005.321045	0.112126399
1005.832336	0.112320554
1006.343689	0.112801508
1006.854858	0.113270489
1007.366028	0.113408071
1007.877136	0.113556779
1008.388062	0.113944433
1008.899048	0.114194984
1009.410034	0.114538444
1009.920837	0.114791438
1010.431702	0.115155113
1010.942505	0.115437842
1011.453186	0.115780873
1011.963806	0.116089888
1012.474487	0.116659364
1012.984924	0.116831173
1013.495422	0.116926239
1014.005859	0.117257168
1014.516235	0.117599936
1015.026489	0.117700917
1015.536865	0.117292191
1016.047058	0.117389197
1016.557251	0.117090633
1017.067322	0.117298955
1017.577332	0.117303848
1018.087402	0.116746909
1018.59729	0.117223023
1019.107178	0.117230603
1019.616882	0.117393374
1020.126587	0.11772278
1020.636414	0.117723589
1021.145996	0.118054676
1021.655762	0.118130147
1022.165161	0.118285144
1022.674622	0.118535009
1023.184143	0.118606258
1023.693481	0.118706231
1024.202759	0.118925518
1024.712158	0.119084785
1025.221313	0.119916978
1025.730347	0.120175086
1026.239502	0.120816511
1026.748657	0.120858049
1027.257446	0.120901909
1027.766602	0.121947262
1028.275269	0.122003125
1028.784058	0.122530862
1029.292847	0.122413269
1029.801636	0.122665559
1030.310181	0.123250037
1030.818848	0.122995175
1031.327393	0.123586834
1031.835938	0.123713663
1032.344238	0.124024443
1032.852539	0.124501413
1033.360962	0.124529892
1033.869141	0.125250344
1034.377319	0.126011589
1034.885498	0.126019478
1035.393555	0.126878432
1035.901611	0.126944714
1036.409546	0.127303435
1036.917358	0.127983665
1037.425171	0.128080555
1037.933105	0.128109338
1038.440796	0.128725651
1038.948486	0.129466218
1039.456055	0.129404065
1039.963623	0.129806691
1040.471191	0.130475683
1040.978638	0.130594121
1041.48584	0.130575074
1041.993286	0.130331908
1042.50061	0.130207708
1043.00769	0.130637161
1043.514893	0.130457928
1044.022095	0.13094468
1044.528931	0.130637876
1045.036133	0.130665392
1045.542969	0.13049941
1046.049805	0.130877011
1046.556763	0.131398977
1047.063354	0.131351298
1047.570068	0.131144804
1048.076782	0.131472252
1048.583252	0.131993204
1049.089722	0.132530632
1049.596313	0.132170035
1050.102661	0.131776863
1050.608887	0.132575892
1051.115356	0.1329714
1051.62146	0.133411575
1052.127808	0.134634468
1052.633789	0.135269585
1053.139771	0.135640382
1053.645874	0.135524241
1054.151733	0.137410582
1054.657593	0.137377118
1055.163574	0.137083744
1055.669189	0.137396937
1056.174805	0.137464245
1056.680542	0.138243003
1057.186035	0.140074593
1057.69165	0.139813419
1058.197021	0.139721887
1058.702515	0.139482909
1059.207764	0.139801243
1059.713135	0.141413928
1060.218262	0.140432532
1060.723389	0.140711712
1061.228638	0.14040181
1061.733521	0.139883826
1062.238525	0.139888021
1062.743652	0.139495875
1063.248413	0.139787449
1063.753296	0.138469446
1064.257935	0.138612799
1064.762573	0.140247437
1065.267334	0.140021356
1065.771851	0.140699584
1066.276245	0.139617574
1066.780884	0.139030454
1067.285156	0.139180248
1067.789551	0.140678308
1068.293823	0.141813943
1068.798096	0.140781695
1069.302124	0.14053849
1069.806274	0.140508441
1070.310303	0.141829252
1070.814209	0.142503817
1071.318115	0.142269591
1071.822021	0.142205408
1072.325806	0.142071031
1072.829468	0.142104745
1073.333252	0.142633794
1073.836914	0.142644162
1074.340332	0.143079844
1074.84375	0.143489007
1075.34729	0.143790661
1075.850586	0.145348893
1076.353882	0.144966581
1076.857178	0.145051556
1077.360352	0.143791458
1077.863403	0.143572514
1078.366455	0.14413649
1078.869507	0.143324844
1079.372437	0.143164556
1079.875366	0.142316096
1080.378174	0.142219033
1080.880859	0.1415647
1081.383667	0.142311571
1081.88623	0.142876536
1082.388672	0.142235582
1082.891357	0.141801175
1083.393677	0.142500789
1083.896118	0.141642388
1084.398438	0.141531531
1084.900757	0.13915879
1085.402954	0.139161862
1085.905029	0.140076906
1086.407104	0.140063328
1086.909302	0.139931396
1087.411133	0.139183855
1087.912964	0.141191327
1088.414917	0.142638566
1088.916504	0.143569398
1089.418213	0.143515467
1089.919922	0.145010168
1090.421509	0.146673472
1090.922974	0.147182761
1091.424561	0.150288996
1091.925903	0.151302153
1092.427246	0.15133172
1092.928589	0.151838674
1093.429688	0.15145285
1093.930908	0.153312138
1094.432007	0.154490285
1094.932983	0.156663145
1095.434082	0.159451926
1095.934814	0.160043891
1096.435669	0.161457247
1096.936523	0.161767729
1097.437134	0.161286963
1097.937744	0.162610335
1098.438354	0.161878061
1098.938965	0.162924255
1099.439331	0.161473838
1099.939819	0.161720356
1100.440063	0.160783376
1100.940308	0.15810475
1101.440674	0.157914468
1101.940674	0.158542034
1102.440796	0.157521984
1102.940918	0.156108719
1103.440796	0.153844626
1103.940796	0.154831677
1104.440552	0.153794151
1104.940308	0.149708453
1105.440063	0.149633156
1105.939697	0.152275738
1106.439209	0.151789663
1106.938721	0.153752787
1107.438232	0.15241747
1107.937622	0.155180029
1108.43689	0.152830118
1108.936279	0.154569946
1109.435303	0.155013399
1109.934448	0.157628579
1110.433594	0.157791247
1110.932617	0.15366493
1111.431519	0.155244818
1111.93042	0.160267733
1112.429199	0.162484922
1112.927979	0.162529374
1113.426514	0.16490487
1113.925293	0.164342337
1114.423706	0.167376968
1114.922241	0.167826367
1115.420776	0.165028146
1115.919067	0.169766557
1116.41748	0.166935967
1116.915649	0.171527631
1117.413818	0.168963589
1117.911987	0.170962623
1118.410034	0.169256503
1118.907837	0.167712738
1119.405884	0.170404506
1119.903809	0.168470908
1120.401489	0.174810671
1120.89917	0.173846304
1121.396851	0.167977628
1121.894409	0.170885043
1122.391968	0.176158111
1122.889404	0.178317702
1123.386719	0.184532407
1123.884155	0.181811028
1124.38147	0.181885725
1124.87854	0.184039643
1125.375732	0.184967788
1125.872803	0.1891291
1126.369751	0.185247888
1126.866699	0.19025156
1127.363525	0.188391817
1127.860474	0.191395858
1128.357178	0.192280217
1128.853882	0.188511926
1129.350464	0.191955302
1129.846924	0.191390381
1130.343384	0.192204178
1130.839844	0.190745713
1131.336304	0.188780157
1131.83252	0.186598344
1132.328857	0.183953334
1132.824951	0.179191649
1133.320923	0.178988772
1133.817017	0.177290549
1134.312866	0.173379247
1134.808716	0.168535641
1135.304688	0.171484713
1135.800415	0.168604345
1136.296021	0.162947789
1136.791748	0.166120306
1137.287231	0.164168696
1137.782715	0.167936735
1138.278198	0.16540029
1138.773438	0.165528638
1139.268921	0.170847669
1139.764038	0.169332345
1140.259155	0.178298572
1140.754272	0.17862054
1141.24939	0.176940583
1141.744263	0.173014045
1142.239258	0.17364701
1142.734009	0.178006766
1143.228638	0.176560324
1143.723389	0.179967779
1144.218018	0.178788052
1144.712646	0.169128683
1145.207153	0.17718661
1145.701538	0.174115979
1146.195801	0.17762077
1146.690186	0.174836406
1147.184448	0.177243972
1147.678589	0.184819325
1148.172729	0.18521434
1148.666626	0.187031141
1149.160645	0.186520336
1149.654419	0.182685962
1150.148315	0.191252722
1150.64209	0.195783512
1151.135742	0.197966456
1151.629395	0.199158443
1152.123047	0.196464641
1152.616455	0.202487532
1153.109741	0.208822231
1153.603271	0.218161062
1154.096313	0.213398827
1154.589478	0.198713681
1155.082764	0.202225919
1155.575806	0.201026196
1156.068726	0.218350546
1156.561768	0.206872076
1157.054688	0.196035092
1157.547485	0.202707884
1158.040161	0.192791176
1158.532715	0.198206905
1159.025513	0.199325053
1159.518066	0.186502203
1160.010498	0.178446321
1160.50293	0.178932953
1160.995117	0.171149732
1161.487427	0.173699122
1161.979614	0.173716435
1162.47168	0.171463368
1162.963623	0.175544854
1163.455811	0.186534484
1163.947632	0.192715607
1164.439453	0.192501808
1164.931274	0.192951763
1165.422974	0.180706687
1165.914551	0.205420305
1166.40625	0.202126025
1166.897583	0.20397544
1167.38916	0.213596355
1167.880493	0.23647237
1168.371704	0.243579771
1168.863037	0.247398493
1169.354248	0.242502532
1169.845215	0.243034782
1170.336304	0.263980442
1170.827148	0.275794846
1171.317993	0.290987341
1171.808838	0.29347341
1172.299561	0.282619019
1172.790283	0.279262282
1173.280884	0.2970768
1173.771362	0.303086767
1174.261841	0.302293824
1174.752197	0.3017207
1175.242554	0.296698144
1175.732788	0.314231688
1176.223022	0.313804533
1176.713013	0.300682557
1177.203125	0.274966237
1177.693115	0.285053812
1178.182983	0.352042976
1178.672974	0.208183327
1179.162598	0.192671574
1179.652222	0.147389831
1180.141846	0.114626673
1180.63147	-0.267342138
1181.12085	-0.318270742
1181.610352	-0.28112806
1182.099609	-0.920487327
1182.588989	-1.054697854
1183.078125	-1.080577125
1183.567261	-1.037826571
1184.056274	-1.016420114
1184.54541	-1.011275673
1185.03418	-1.923720337
1185.523071	-1.90041933
1186.011841	-1.879085335
1186.500488	-1.871338696
1186.989136	-1.814174253
1187.477661	-1.951381028
1187.966187	-2.178231832
1188.454712	-1.979690576
1188.942993	-2.361082565
1189.431274	-1.319100913
1189.919556	-1.808055854
1190.407593	-2.756541353
1190.89563	0.810526316
1191.383789	1.631578947
