97.20689392	0.141025641
97.74539948	0.11443433
98.28392792	0.028473804
98.82247925	0.17146433
99.36104584	0
99.89965057	-0.010243278
100.4382706	0.039125432
100.9769058	0.11483871
101.515564	0.060130719
102.054245	0.178899083
102.5929565	0.043269231
103.1316833	0.045513654
103.6704254	0.077225131
104.2092056	0.003546099
104.7479858	0.123152709
105.2868118	0.139650873
105.8256454	0.006242197
106.364502	0.070707071
106.9033813	0.068211068
107.442276	0.144607843
107.9812012	0
108.5201492	0.066945607
109.0591125	-0.007672634
109.5980988	0.069954128
110.1371002	0.044871795
110.6761398	0.009603842
111.2151947	0.014457831
111.7542648	0.061668682
112.2933502	0.05298913
112.8324661	0.11509901
113.3715973	0.007246377
113.9107666	0.039215686
114.4499359	0.064900662
114.9891205	0.118925831
115.5283508	0.05875
116.0675964	0.024173028
116.6068573	0.06959707
117.1461334	0.058897243
117.6854324	0.080389769
118.2247543	0.09375
118.7641068	0.120958084
119.3034592	0.094339623
119.8428497	0.082224909
120.3822479	0.080601093
120.9216766	0.03892944
121.4611282	0.060270603
122.0005875	0.057179161
122.5400696	0.082603254
123.0795822	0.039845758
123.6191101	-0.020915033
124.1586533	0.098296199
124.6982193	0.115384615
125.2378082	0.056287425
125.7774124	0.102402023
126.3170395	0.048979592
126.8566895	0.135658915
127.396347	0.084198385
127.9360428	0.119727891
128.4757385	0.002607562
129.0154724	-0.031830239
129.5552216	0.017356475
130.094986	0.108404385
130.6347656	0.091794159
131.1745605	0.093830334
131.714386	0.098318241
132.2542419	0.030967742
132.7941132	0.006289308
133.3339691	0.044642857
133.8738708	0.155642023
134.4138031	0.007255139
134.9537506	0.055207026
135.4937134	0.091022444
136.0336761	0.101023018
136.5736847	0.142105263
137.1136932	-0.018571429
137.6537323	0.08707124
138.1938019	0.109643329
138.7338562	0.101925255
139.273941	0.080882353
139.8140717	0.039702233
140.3542023	0.033918129
140.8943481	0.072611465
141.4345093	0.078358209
141.9747009	0.169291339
142.5149078	0.129742962
143.05513	-0.015247776
143.5953674	0.123056995
144.1356201	0.135857461
144.6759033	0.002656042
145.2162018	0.05897772
145.7565155	0.110843373
146.2968597	0.087438424
146.837204	0.085650723
147.3775787	0.03180212
147.9179688	0.078219013
148.458374	0.028742515
148.9987946	0.043037975
149.5392303	0.074541284
150.0796967	0.036144578
150.6201782	-0.007945516
151.160675	0.014814815
151.7011871	0.052496799
152.2417145	0.160508083
152.7822571	0.042038217
153.3228302	0.034441805
153.8634186	0.054658385
154.4040375	0.114849188
154.9446411	0.082818294
155.4852905	0.101736973
156.0259399	0.119635891
156.5666046	0.027431421
157.1072998	0.071513707
157.6480103	0.048165138
158.1887207	0.031505251
158.7294769	0.080378251
159.2702332	0.034394904
159.8110199	0.144721234
160.3518066	0.081050228
160.8926086	0.137637028
161.4334412	0.068043742
161.9742737	0.047368421
162.515152	0.070828331
163.0560303	0.089164786
163.5969086	0.092378753
164.1378326	0.09825998
164.6787567	0.095512083
165.2197113	0.101534829
165.7606506	0.056152927
166.3016357	0.071032186
166.8426514	0.096885813
167.3836365	0.020385051
167.9246979	0.055367232
168.4657135	0.042321644
169.0067902	0.046822742
169.5478516	0.158305463
170.0889587	0.047619048
170.6300659	0.104389087
171.1711884	0.008695652
171.7123413	0.074884793
172.2534943	0.077367206
172.7946472	0.002202643
173.3358612	0.096244131
173.8770599	0.087759815
174.4182892	0.021052632
174.9595337	0.106621773
175.5007782	0.077510917
176.0420532	0.035194175
176.5833282	0.015748031
177.1246338	0.063983488
177.6659546	0.035539216
178.2072754	0.166313559
178.748642	0.020737327
179.2899933	0.048349057
179.8313751	0.093468468
180.3727722	0.032366071
180.9141693	0.050314465
181.4556274	0.091194969
181.9970398	0.029213483
182.5384979	0.088477366
183.0799866	0.135869565
183.6214447	0.150943396
184.1629791	0.064552661
184.7044678	0.005649718
185.2460175	0.08127572
185.7875519	-0.012061404
186.3291016	0.083503055
186.8707123	0.051742344
187.4122772	0.027716186
187.9539032	0.028421053
188.4955292	0.109110169
189.0371399	0.091658084
189.5788116	0.059670782
190.1204681	0.098922625
190.6621399	0.012644889
191.2038422	0.062770563
191.7455444	0.04954955
192.287262	0.055668016
192.82901	0.095387841
193.3707581	0.096196868
193.9125366	0.061822126
194.4542999	0.086519115
194.9960938	0.097251586
195.5379028	0.082191781
196.0797424	0.015608741
196.621582	0.035834267
197.1634064	0.078410311
197.7052765	0.089159068
198.2471619	0.057929725
198.7890625	0.101621622
199.3309631	0.092929293
199.872879	0.125
200.4148102	0.025613661
200.9567719	0.037962038
201.4987335	0.047861507
202.0407104	0.037586548
202.5826874	0.097926267
203.1246796	0.068825911
203.6667023	0.098039216
204.2087402	0.086150491
204.7507935	0.020607375
205.2928314	0.059602649
205.8348999	0.066528067
206.3769989	0.0375
206.9190826	0.045652174
207.4611969	0.03410341
208.0033112	0.091309131
208.5454407	0.064451158
209.0876007	0.072668113
209.6297607	0.082983193
210.171936	0.00513347
210.7141266	0.065625
211.2563171	0.073196986
211.7985229	0.085684431
212.340744	0.116033755
212.8830109	0.006153846
213.4252319	0.135198135
213.9674988	0.064444444
214.5097809	0.034700315
215.052063	0.093814433
215.5943909	0.036666667
216.136673	0.064724919
216.6790161	0.085683297
217.221344	0.093782929
217.7637024	0.070575461
218.306076	0.084210526
218.8484344	0.079120879
219.3908234	0.048648649
219.9332275	0.116756757
220.4756165	0.052451539
221.0180664	0.13830955
221.5605011	0.07486631
222.102951	0.080225989
222.645401	0.077087794
223.1878662	0.106621773
223.7303619	0.119075145
224.2728424	0.084841629
224.8153534	0.007142857
225.3578796	0.124867725
225.9004059	0.07239819
226.4429474	0.092901879
226.9855042	0.071581197
227.5280609	0.052325581
228.0706329	0.089498807
228.6132355	0.035087719
229.1558228	0.129032258
229.6984253	0.067505721
230.2410583	0.076834862
230.7837067	0.019744483
231.3263397	0.086448598
231.868988	0.01323043
232.4116516	0.006749156
232.9543304	0.07912844
233.4970245	0.089861751
234.0397186	0.127586207
234.582428	0.115337423
235.1251373	0.111519608
235.6678772	0.051219512
236.2106323	0.052825553
236.7533722	0.085645356
237.2961273	0.073671498
237.838913	0.133101852
238.3817139	0.005854801
238.9244995	0.091364205
239.4673157	0.080985915
240.0101166	0.086387435
240.552948	0.120327103
241.0957794	0.01010101
241.6386414	-0.002427184
242.1815033	0.003363229
242.7243347	0.015815085
243.2672272	0.042997543
243.8101196	0.063354037
244.3530273	0.006067961
244.8959198	0.077411168
245.4388275	0.023285899
245.981781	0.071170084
246.5247192	0.034981906
247.0676575	-0.025609756
247.6106262	0.06022409
248.1535797	0.052631579
248.6965637	0.067973856
249.2395477	0.08248731
249.7825623	0.091644205
250.3255615	0.077764277
250.8685608	0.021192053
251.4116058	0.044117647
251.9546356	0.111859838
252.4976807	0.049803408
253.040741	0.072445019
253.583786	0.030456853
254.1268616	0.004651163
254.6699524	-0.002684564
255.2130432	0.124685139
255.756134	0.145048815
256.2992554	0.019283747
256.8423767	0.029776675
257.3855286	0.069095477
257.9286194	0.04697157
258.4717712	0.110671937
259.0149536	0.041948579
259.558075	0.064085447
260.1012268	0.01369863
260.6444397	0.013906448
261.1876221	0.085574572
261.7308044	0.053817272
262.2740173	0.090680101
262.8172607	0.055181696
263.3604431	0.080428954
263.9036865	0.091149273
264.4469604	0.10483871
264.9902039	0.011510791
265.5334167	-0.003667482
266.0767212	0.054474708
266.6199951	0.08847185
267.163269	0.001392758
267.706543	0.082304527
268.2498474	0.030349014
268.7931519	0.064814815
269.3364563	0.104258443
269.8798218	0.028612303
270.4231262	0.074567244
270.9664612	0.055925433
271.5097961	0.07082153
272.0531616	0.103496503
272.5964966	0.008746356
273.1398926	0.099857347
273.6832581	0.016434893
274.2266541	-0.009708738
274.77005	0.04023845
275.313446	0.024320458
275.856842	0.115919629
276.400238	0.08045977
276.9436646	0.094814815
277.4870911	0.046444122
278.0305176	0.135785007
278.5740051	0.053146853
279.1174316	0.081871345
279.6608887	0.128065395
280.2043457	0.019914651
280.7478638	0.057636888
281.2912903	-0.034916201
281.8347778	0.082191781
282.3782654	0.043115438
282.9217529	0.048882682
283.465271	0.035567715
284.0088196	0.027950311
284.5523376	0.019261637
285.0958557	0.068866571
285.6393738	0.077631579
286.1829224	0.117199391
286.7264709	0.013719512
287.269989	0.020710059
287.8135986	0.073170732
288.3571167	0.06185567
288.9006958	0.126865672
289.4442749	-0.052884615
289.987915	0.043831169
290.5314331	0.066860465
291.0750427	0.038277512
291.6186829	0.190016103
292.162262	-0.018404908
292.7059021	0.07028754
293.2495422	0.013931889
293.7931213	0.065318818
294.3367615	0.111480865
294.8804016	-0.003246753
295.4240723	0.039453718
295.9676819	0.030694669
296.5113525	0.03538175
297.0550537	0.04398827
297.5986938	0.049270073
298.142334	0.013888889
298.6860657	0.111517367
299.2297363	0.005033557
299.7733765	0.161839864
300.3171082	0.051724138
300.8608398	0.13022508
301.40448	0.09137931
301.9482422	0.077075099
302.4919434	0.064575646
303.0356445	0.024630542
303.5793762	0.02685624
304.1231384	0.016339869
304.6668396	0.053781513
305.2105713	0.053763441
305.7543335	0.066086957
306.2981262	0.086342229
306.8418274	-0.031772575
307.3856201	0.022304833
307.9294128	0.017064846
308.4731445	0.132275132
309.0169373	0.032414911
309.56073	0.14488189
310.1044922	-0.006956522
310.6482849	0.135135135
311.1921082	0
311.7359009	0.139767055
312.2796631	-0.006932409
312.8234863	0.066869301
313.3673401	0.058721934
313.9111328	0.083892617
314.4549255	0.126666667
314.9987488	0.087824351
315.5426025	0.113060429
316.0863953	0.130350195
316.6302795	0.075289575
317.1741333	-0.011320755
317.717926	0.096969697
318.2618103	-0.017509728
318.8056641	0.099426386
319.3495178	0.044444444
319.8933716	0.080082136
320.4372559	0.014842301
320.9811096	-0.042643923
321.5249634	0.10122164
322.0688477	0.025590551
322.6127625	0.038306452
323.1565857	0.071570577
323.7005005	-0.030769231
324.2444153	0.009259259
324.788269	0.047058824
325.3321533	0.044715447
325.8760681	0.019417476
326.4199829	-0.043010753
326.9638672	0.136212625
327.5078125	0.131147541
328.0516663	0.1
328.5955811	0.056603774
329.1395264	0.202105263
329.6834717	0.020109689
330.2273865	0.075
330.7713013	0.140724947
331.3152466	0.090909091
331.8591614	0.144329897
332.4031067	0.069230769
332.9470215	0.133587786
333.4909973	0.102173913
334.0348816	0.076923077
334.5788574	0.05697446
335.1228333	0.116981132
335.6667786	-0.050438596
336.2107239	0.063636364
336.7546692	0.112311015
337.298645	0.055084746
337.8425903	0.091262136
338.3865356	0.048
338.9305115	0.134529148
339.4744568	0.04
340.0184631	0.098684211
340.562439	0.033398821
341.1064148	0.116731518
341.6503906	0.050955414
342.1943665	0.018181818
342.7383118	0.057777778
343.2823181	0.051454139
343.8262939	0.004024145
344.3702698	0.139325843
344.9142456	0.060836502
345.458252	0.111111111
346.0022583	0.040685225
346.5462646	0.045346062
347.09021	0.22489083
347.6342163	0.098969072
348.1781921	0.137529138
348.7221985	0.188183807
349.2662354	0.182377049
349.8102112	0.096926714
350.354187	0
350.8981934	0.123404255
351.4422302	0.077798861
351.9862366	0.023305085
352.5302124	0.098321343
353.0742188	0.202970297
353.6182556	0.036855037
354.1622314	0.054852321
354.7062683	0.057017544
355.2502747	0.084862385
355.7942505	0.080110497
356.3382874	0.063116371
356.8823242	-0.016018307
357.4263	0.046
357.9703369	0.118604651
358.5143738	0.077647059
359.0583191	0.053215078
359.602356	-0.006465517
360.1463928	-0.077272727
360.6904297	0.064587973
361.234375	0.195592287
361.7784424	0.076923077
362.3224792	0.032258065
362.8664551	0.105128205
363.4104919	0.161572052
363.9544983	0.176781003
364.4984741	0.052369077
365.042511	0.143507973
365.5865784	0.177985948
366.1306152	0.035812672
366.6745911	0.071428571
367.2185974	0.091743119
367.7626648	0.043367347
368.3066101	0.014388489
368.8506775	-0.019559902
369.3946838	0.165775401
369.9386597	0.108033241
370.4826965	0.086956522
371.0267029	0.15942029
371.5707703	0.169590643
372.1147156	0.253132832
372.6587524	0.090659341
373.2027893	0.058981233
373.7467651	0.122905028
374.290802	0.140939597
374.8348389	-0.04400978
375.3787842	0.029411765
375.922821	0.012468828
376.4668579	0.217522659
377.0108948	0.146171694
377.5548401	0.025821596
378.0988464	0.05
378.6428528	0.078384798
379.1868286	0.004310345
379.7308655	0.095465394
380.2748718	0.126361656
380.8188171	0.101214575
381.362854	-0.049295775
381.9068604	0.092417062
382.4508667	-0.062360802
382.994812	0.183879093
383.5388489	0.086614173
384.0828247	0.014409222
384.62677	-0.008948546
385.1707764	0.04842615
385.7148132	0.118987342
386.258728	0.166270784
386.8027344	0.140969163
387.3467407	0.036866359
387.8907471	0.028037383
388.4346619	0.023364486
388.9786682	0.263922518
389.522644	0.106442577
390.0665894	0.12470024
390.6105652	-0.055276382
391.154541	0.149717514
391.6984863	0.155124654
392.2424622	-0.013089005
392.786438	0.120171674
393.3304138	0.093975904
393.8743286	0.09255079
394.4183044	-0.005899705
394.9622498	0.061068702
395.5061646	0.037296037
396.0501099	0.059241706
396.5940552	0.165024631
397.13797	0.131840796
397.6819153	0.158415842
398.2258911	0.113300493
398.7698364	0.227160494
399.3137207	0.123486683
399.857666	0.081145585
400.4016113	0.076233184
400.9454956	0.00243309
401.4894409	0.062678063
402.0333557	0.092457421
402.5772095	0.099744246
403.1211243	0.118387909
403.6650696	0.143712575
404.2089844	0.021028037
404.7528381	0.097368421
405.2967529	0.104878049
405.8406677	0.216624685
406.384491	0.196642686
406.9284058	0.115979381
407.47229	0.109693878
408.0161438	0.033407572
408.5600281	0.216545012
409.1039124	0.053613054
409.6477966	0.124277457
410.1916504	0.068877551
410.7355042	0.079569892
411.2793884	-0.121412804
411.8231812	0.202959831
412.3670349	0.221130221
412.9108887	0.137651822
413.4547119	0.121212121
413.9985657	0.076759062
414.5424194	0.041666667
415.0862122	0.006849315
415.6300659	-0.076749436
416.1738586	0.056112224
416.7177124	0.076152305
417.2614746	-0.008928571
417.8052979	0.21108742
418.3491211	0.079726651
418.8928528	0.025974026
419.436676	0.074747475
419.9804993	0.070512821
420.524231	-0.024948025
421.0680237	0.130841121
421.6118164	0.139359699
422.1555786	0.038216561
422.6993408	-0.024291498
423.243103	0.085257549
423.7868652	0.032702238
424.3305969	0.092519685
424.8743591	0.028680688
425.4181213	0.006980803
425.961792	0.019920319
426.5055237	0.054545455
427.0492859	0.012152778
427.5930481	0.129370629
428.1366882	0.096339114
428.6804199	0.008787346
429.2241516	0.071017274
429.7677917	0.059139785
430.3115234	0.116987179
430.8552246	0.110942249
431.3988647	0.090277778
431.9425354	-0.043010753
432.4862366	0.013050571
433.0299072	0.022727273
433.5735474	0.124394184
434.117218	0.1
434.6608887	0.037195994
435.2044983	0.054140127
435.7481384	0.026315789
436.2918091	-0.081602374
436.8353577	0.012857143
437.3789978	0.03638814
437.9226379	0.098784195
438.4662476	0.064827586
439.0097961	0.014804845
439.5534363	-0.022038567
440.0970154	0.015444015
440.640564	0.044795784
441.1841431	0.040843215
441.7277832	-0.020576132
442.2712708	0.002699055
442.8148499	0.064850843
443.358429	0.111859838
443.9019775	0.076523995
444.4454651	-0.001257862
444.9890137	0.070238095
445.5325928	0.008158508
446.0760498	0.054827175
446.6195679	0.042735043
447.1630859	0.041128085
447.706543	0.065320665
448.250061	0.003436426
448.7935486	0.040137615
449.3370667	0.01446281
449.8804932	0.03526971
450.4239502	0.057877814
450.9674072	0.094637224
451.5108032	0.084061135
452.0542908	0.061046512
452.5977478	0.071725572
453.1411133	0.023589744
453.6845703	0.045546559
454.2279968	0.044897959
454.7713928	0.090132827
455.3147583	0.070543375
455.8581543	0.031305903
456.4015808	0.047486034
456.9448853	0.04159132
457.4882813	0.070733864
458.0316467	0.079406632
458.5749512	0.028691983
459.1183167	0.056749785
459.6616516	0.050042409
460.2050171	0.093802345
460.748291	0.030375699
461.2915955	0.066502463
461.8349609	0.023360965
462.3782043	-0.002250563
462.9214783	0.040977147
463.4648132	0.050309598
464.0080261	0.046600458
464.5513	0.042954032
465.094574	0.033069734
465.6378479	0.026785714
466.1810303	0.077200577
466.7242432	0.043447793
467.2675171	0.048464164
467.8106689	0.037911302
468.3538818	0.078740157
468.8971252	0.038986355
469.4402466	0.015201586
469.9834595	0.015957447
470.5266418	0.0390482
471.0697937	0.045398773
471.612915	0.011063307
472.1560974	0.035130224
472.6992493	0.044340723
473.2423096	0.002313476
473.7854309	0.052876235
474.3285828	0.080287929
474.8716125	0.041016753
475.4147339	0.061640066
475.9578247	0.050209205
476.500885	0.050371156
477.0439148	0.060367454
477.5869751	0.024314537
478.1300354	0.043151029
478.6730347	0.039331367
479.2160645	0.027872861
479.7590942	0.056751468
480.302063	0.062650602
480.8450623	0.016066212
481.3880615	0.047948363
481.9309998	0.037807183
482.4739685	0.077199282
483.0169678	0.050248981
483.5599365	0.019532909
484.1028137	0.023560209
484.645752	0.021440823
485.1886902	0.048387097
485.7315369	0.057201646
486.2744446	0.031505728
486.8173523	0.040049546
487.360199	0.013317191
487.9030762	0.046687949
488.4459534	0.028026469
488.9888	0.04965358
489.5316162	0.028016436
490.0744324	0.052164262
490.6172791	0.038702543
491.1600342	0.058351568
491.7028198	0.035727306
492.245636	0.026513794
492.7883911	0.033437827
493.3311462	0.038420491
493.8739014	0.051644853
494.4166565	0.031687792
494.9593506	0.048204787
495.5020752	0.060046189
496.0447998	0.033685601
496.5874634	0.03424
497.1301575	0.02906793
497.6728516	0.043410369
498.2154846	0.038868159
498.7581482	0.04224924
499.3007813	0.040556901
499.8434448	0.037187682
500.3860168	0.04591986
500.9286194	0.052662722
501.4712524	0.044164038
502.0137634	0.046099291
502.5563965	0.051747867
503.098938	0.057655172
503.641449	0.051576697
504.1839905	0.029983793
504.7265625	0.054237288
505.2690735	0.057127883
505.811554	0.039317124
506.3540344	0.057424741
506.8965454	0.043736101
507.4389648	0.052294031
507.9814453	0.064001962
508.5239258	0.062123766
509.0662842	0.054801164
509.6087341	0.045080092
510.151123	0.046565774
510.6936035	0.050170261
511.2359009	0.048519362
511.7783203	0.055454957
512.3206787	0.045185348
512.8629761	0.035745423
513.4052734	0.05130416
513.9476929	0.084447273
514.4899292	0.059797806
515.0322266	0.041735197
515.574585	0.048770492
516.1168823	0.055724417
516.6590576	0.051717252
517.2012939	0.059191919
517.7435913	0.045330739
518.2857056	0.061730769
518.8280029	0.053968254
519.3701782	0.063444109
519.9122925	0.056032018
520.4545288	0.060825893
520.9967041	0.052018916
521.5388184	0.046886185
522.0809326	0.061565836
522.6230469	0.052388563
523.1652222	0.049929677
523.7072144	0.053948926
524.2493286	0.061409511
524.7913818	0.058115893
525.333374	0.060773481
525.8754883	0.067065073
526.4174805	0.065059071
526.9595337	0.074103842
527.5015259	0.059578514
528.0435181	0.070377185
528.5855103	0.061656442
529.1273804	0.067082446
529.6693115	0.06188974
530.2113037	0.062020083
530.7531738	0.058729466
531.2950439	0.059093602
531.8370361	0.074325299
532.3788452	0.063130954
532.9206543	0.063866023
533.4625854	0.062686992
534.0044556	0.071408916
534.5462036	0.06366524
535.0880127	0.067297297
535.6298218	0.068154322
536.1715698	0.063160712
536.7133789	0.077538704
537.255127	0.069827364
537.796814	0.066986266
538.338501	0.063722397
538.880249	0.073990469
539.421936	0.073027385
539.963562	0.066749534
540.505249	0.070160609
541.046875	0.071922377
541.588501	0.069207862
542.130127	0.078169014
542.6717529	0.079825492
543.2133179	0.075077134
543.7548828	0.078215461
544.2964478	0.06907521
544.8380127	0.082239039
545.3794556	0.075780906
545.9210205	0.074826942
546.4625244	0.081546914
547.0039673	0.067014147
547.5454712	0.078911278
548.0869141	0.080122777
548.6283569	0.089711153
549.1697388	0.085548774
549.7111816	0.083426029
550.2526245	0.088965447
550.7939453	0.086065574
551.3352661	0.086969606
551.8766479	0.08415646
552.4179688	0.084818385
552.9592285	0.089163906
553.5005493	0.094529287
554.0418091	0.095278645
554.5830688	0.090042967
555.1243896	0.097078228
555.6655884	0.091410198
556.2067871	0.101001895
556.7479858	0.100552586
557.2891846	0.100581655
557.8303223	0.101975724
558.37146	0.100921457
558.9126587	0.097610085
559.4537354	0.103029781
559.994812	0.099837315
560.5359497	0.102884861
561.0770264	0.100980226
561.618042	0.099359241
562.1591187	0.107757566
562.7001343	0.107186858
563.2411499	0.111326861
563.7821655	0.110090277
564.3231201	0.108849487
564.8640137	0.113819864
565.4049683	0.115917224
565.9459229	0.111195273
566.4868164	0.113814402
567.0276489	0.110647182
567.5686035	0.118424919
568.109436	0.11465574
568.6502075	0.120713306
569.1911011	0.119677051
569.7319336	0.118894781
570.272644	0.123920913
570.8134155	0.124009292
571.354187	0.119046001
571.8949585	0.126521332
572.4356079	0.120915465
572.9763794	0.126803042
573.5170288	0.13120291
574.0576782	0.131358661
574.5982666	0.1273223
575.1389771	0.13108779
575.6795044	0.130820812
576.2201538	0.131188119
576.7607422	0.132006674
577.3013306	0.13047462
577.8417969	0.13520766
578.3823853	0.134417962
578.9228516	0.135493195
579.4633179	0.14007875
580.0038452	0.137152267
580.5443115	0.138307336
581.0847168	0.138980847
581.6251221	0.142170933
582.1655884	0.141766249
582.7059326	0.141865309
583.2462769	0.142317307
583.7866211	0.13973395
584.3269653	0.147052036
584.8671875	0.142684957
585.4075317	0.143852038
585.9478149	0.144096826
586.4880371	0.147196923
587.0282593	0.143266476
587.5684814	0.146628712
588.1087646	0.143868845
588.6489258	0.143698854
589.1890869	0.143956223
589.729187	0.146630582
590.2692871	0.149281732
590.8094482	0.148294033
591.3494873	0.147035697
591.8895874	0.142098205
592.4296265	0.150749598
592.9696655	0.14577629
593.5097046	0.149787964
594.0496216	0.152764018
594.5895996	0.149941714
595.1295776	0.151873672
595.6694336	0.149950112
596.2094116	0.149930005
596.7493286	0.153467187
597.2891235	0.150081566
597.8289795	0.151598877
598.3688965	0.153339856
598.9087524	0.151926541
599.4484863	0.147041063
599.9882202	0.149880709
600.5280151	0.149989538
601.067749	0.148203531
601.6074219	0.155216601
602.1471558	0.153046244
602.6868286	0.149566126
603.2264404	0.151459121
603.7661133	0.153419886
604.3057861	0.149272414
604.8453369	0.149928069
605.3849487	0.147234564
605.9244995	0.149487873
606.4640503	0.14893135
607.00354	0.148555087
607.5430908	0.148663302
608.0825195	0.147795703
608.6219482	0.1459734
609.161438	0.145130306
609.7008667	0.144725371
610.2402344	0.146697333
610.779541	0.143382222
611.3189697	0.14516014
611.8582153	0.142917518
612.397583	0.142887146
612.9369507	0.142658654
613.4761963	0.140532544
614.0153809	0.139027668
614.5546875	0.136065295
615.0938721	0.137117216
615.6330566	0.136627319
616.1721802	0.133957545
616.7113647	0.135831224
617.2505493	0.132352941
617.7895508	0.131290591
618.3286743	0.133988977
618.8677979	0.12889704
619.4067383	0.128798748
619.9458618	0.128031291
620.4848022	0.128247171
621.0237427	0.124098867
621.5627441	0.128130835
622.1016846	0.124044207
622.640625	0.12324483
623.1794434	0.124216127
623.7183838	0.122610664
624.2572632	0.121722321
624.7960205	0.120029937
625.3348389	0.12065751
625.8736572	0.117111036
626.4122925	0.117420066
626.9510498	0.116123133
627.4898682	0.113762469
628.0285645	0.111403111
628.5671997	0.112657051
629.105896	0.1086282
629.6444702	0.104762473
630.1830444	0.107287449
630.7216797	0.106098283
631.2602539	0.104561342
631.7987671	0.102271071
632.3372803	0.102430958
632.8757935	0.100954265
633.4142456	0.099304638
633.9526978	0.098560862
634.4911499	0.096908987
635.0296021	0.093668147
635.5678711	0.096511165
636.1062622	0.093300557
636.6446533	0.093770197
637.1829224	0.090339992
637.7212524	0.090382804
638.2595215	0.090561331
638.7977905	0.088347317
639.3359985	0.084050897
639.8741455	0.085971233
640.4123535	0.08125358
640.9505005	0.082323602
641.4886475	0.081853884
642.0267944	0.080489445
642.5648193	0.079139197
643.1029053	0.077179953
643.6409302	0.077684407
644.1790161	0.073781326
644.71698	0.073339836
645.2549438	0.073086731
645.7929077	0.069169754
646.3308105	0.069977193
646.8687134	0.068842638
647.4065552	0.067252511
647.944397	0.067633096
648.4822388	0.063131377
649.0200806	0.061440893
649.5578613	0.059960144
650.0955811	0.061227583
650.6333618	0.059458919
651.1710815	0.057939273
651.7087402	0.057021255
652.2463989	0.055154753
652.7840576	0.053751565
653.3215942	0.052920021
653.8592529	0.051994337
654.3967896	0.051662141
654.9343262	0.047129558
655.4718018	0.049672091
656.0093384	0.047442621
656.546814	0.043852686
657.0842896	0.043330623
657.6216431	0.04369142
658.1590576	0.042293752
658.6964111	0.041182757
659.2338257	0.039534113
659.7711182	0.038543998
660.3084106	0.037042277
660.8457031	0.039462498
661.3829346	0.036722898
661.9202271	0.034814486
662.4573364	0.035391671
662.9945068	0.03384772
663.5316772	0.033635694
664.0687866	0.032519207
664.605896	0.030822622
665.1430054	0.03037303
665.6799927	0.029236453
666.21698	0.02794131
666.7540283	0.028604813
667.2910156	0.026876177
667.8279419	0.02666607
668.3648682	0.02560535
668.9017944	0.024913171
669.4385986	0.024738892
669.9754639	0.023018185
670.5123291	0.02293891
671.0490723	0.018784335
671.5858765	0.020299428
672.1226196	0.021551534
672.6593628	0.019616848
673.1959839	0.019160122
673.7327271	0.018245583
674.2693481	0.016375991
674.8059082	0.018372034
675.3425293	0.017139184
675.8790894	0.016831757
676.4155884	0.01543638
676.9521484	0.015735704
677.4885864	0.017300666
678.0250854	0.01223537
678.5614624	0.014972896
679.0979614	0.014765928
679.6342773	0.013466146
680.1706543	0.013999611
680.7069702	0.012781813
681.2432861	0.012987907
681.77948	0.01142238
682.3157959	0.012248723
682.8520508	0.01122458
683.3882446	0.010642483
683.9243774	0.010996608
684.4605103	0.010314828
684.9966431	0.01151553
685.5326538	0.010996285
686.0687256	0.008802061
686.6047974	0.010341284
687.1408081	0.010009157
687.6767578	0.009298647
688.2127686	0.009859486
688.7487183	0.010104663
689.2845459	0.009324109
689.8204346	0.010068466
690.3562622	0.009716736
690.8920898	0.010156661
691.4279175	0.01094202
691.9636841	0.010183681
692.4993286	0.009898514
693.0350342	0.00951908
693.5708008	0.00909903
694.1064453	0.010157618
694.6420288	0.010422914
695.1776733	0.008956937
695.7132568	0.010066161
696.2487793	0.010492055
696.7842407	0.010864037
697.3197632	0.011685774
697.8551636	0.010131204
698.390625	0.010193272
698.9260254	0.011452276
699.4614258	0.010684731
699.9967651	0.011241052
700.5321045	0.012574768
701.0674438	0.011802701
701.6026001	0.011293714
702.1378784	0.010708802
702.6730957	0.011832372
703.208252	0.011957425
703.7433472	0.01237189
704.2785034	0.011375824
704.8136597	0.012700971
705.3486328	0.014835446
705.883728	0.013778626
706.4187012	0.01515295
706.9536743	0.013412058
707.4886475	0.014374025
708.0236206	0.014424966
708.5584717	0.015347334
709.0933228	0.015468078
709.6281738	0.015339719
710.1629639	0.015309725
710.6977539	0.015646359
711.2324829	0.015105796
711.7672729	0.017610801
712.3018799	0.017168796
712.8365479	0.01691378
713.3712158	0.017656298
713.9058228	0.017894087
714.4403687	0.017349013
714.9749146	0.019117462
715.5094604	0.019497104
716.0438843	0.018268852
716.5783691	0.018996294
717.112854	0.020643183
717.6472168	0.020086901
718.1815796	0.020444808
718.7158813	0.01983371
719.2501831	0.022467298
719.7844849	0.022125156
720.3187256	0.022005324
720.8529663	0.021041622
721.387146	0.022080341
721.9213257	0.022459421
722.4554443	0.023840424
722.989502	0.023972542
723.5236206	0.024725568
724.0576782	0.02287294
724.5916138	0.024063421
725.1256104	0.024471167
725.6596069	0.024802148
726.1934204	0.025503285
726.727356	0.024880265
727.2612305	0.024885925
727.795105	0.026483682
728.3288574	0.027159286
728.8626099	0.0268285
729.3963623	0.026469667
729.9300537	0.027062168
730.4637451	0.028878103
730.9974365	0.029004534
731.5309448	0.027233021
732.0645752	0.027791753
732.5981445	0.02901587
733.1317139	0.028583878
733.6651001	0.029712794
734.1986694	0.029207257
734.7320557	0.028880301
735.2654419	0.029701071
735.7987671	0.029863258
736.3321533	0.03025039
736.8654175	0.030878984
737.3986816	0.032130282
737.9320068	0.030833377
738.46521	0.030354867
738.9983521	0.031532162
739.5315552	0.031327158
740.0646973	0.031840743
740.5976563	0.031399173
741.1307373	0.032719547
741.6638184	0.031735613
742.1967163	0.03240979
742.7297363	0.032345877
743.2626953	0.032524954
743.7955933	0.033234358
744.3284302	0.031942751
744.8612671	0.032632069
745.394104	0.033512813
745.9268188	0.032409582
746.4595947	0.032735143
746.9923096	0.033652118
747.5249023	0.032627674
748.0576172	0.033884433
748.59021	0.032417953
749.1228027	0.03400295
749.6552734	0.034465171
750.1878052	0.033345448
750.7203369	0.033276759
751.2527466	0.032642599
751.7851563	0.033692458
752.3175659	0.033097515
752.8499146	0.035938634
753.3822021	0.033378675
753.9145508	0.034454922
754.4467773	0.034646312
754.9789429	0.034046512
755.5111694	0.034234022
756.043335	0.034118725
756.5754395	0.035627731
757.1075439	0.033769365
757.6395874	0.033516395
758.1715698	0.035076418
758.7036133	0.033299535
759.2355347	0.032811048
759.7675171	0.034134048
760.2993164	0.033776998
760.8312378	0.032916087
761.3630981	0.033452025
761.8948364	0.033308197
762.4265747	0.03384503
762.958313	0.033341749
763.4899902	0.033409611
764.0216064	0.033172113
764.5533447	0.032914986
765.0848999	0.033363781
765.6164551	0.032680477
766.1479492	0.031922108
766.6794434	0.03149952
767.2108765	0.033078293
767.7423706	0.031474405
768.2736816	0.032237923
768.8049927	0.032455532
769.3364258	0.035304501
769.8676758	0.031914177
770.3989258	0.032048021
770.9301147	0.033075455
771.4613647	0.031487681
771.9924927	0.032095592
772.5235596	0.031442588
773.0546265	0.031555155
773.5857544	0.03237965
774.1166992	0.031309398
774.6477051	0.03268703
775.1786499	0.0344772
775.7095947	0.032246462
776.2404175	0.030621299
776.7712402	0.030911023
777.302124	0.030306388
777.8328247	0.031244816
778.3635864	0.030879255
778.8943481	0.029946484
779.4249268	0.029319723
779.9555664	0.029726739
780.4862061	0.031053207
781.0167847	0.03183893
781.5472412	0.031053174
782.0777588	0.029683632
782.6082764	0.02879272
783.1386719	0.030963905
783.6690674	0.029951578
784.1994629	0.028585452
784.7297363	0.028361138
785.2600098	0.029755349
785.7902832	0.028639618
786.3204956	0.029487689
786.8505859	0.02785737
787.3807983	0.029219285
787.9108887	0.026803831
788.440918	0.028632286
788.9710083	0.029598136
789.5009766	0.028819033
790.0309448	0.02819495
790.5608521	0.026860098
791.0907593	0.029050762
791.6206055	0.029472199
792.1504517	0.028644043
792.6802368	0.027982696
793.2099609	0.027060686
793.7396851	0.026330271
794.2693481	0.028474489
794.7990112	0.028635924
795.3285522	0.026981051
795.8581543	0.027705571
796.3876953	0.02742996
796.9171753	0.027877383
797.4465942	0.027437142
797.9761353	0.026608719
798.5054932	0.027884272
799.03479	0.026200873
799.5640869	0.025646704
800.0934448	0.025226419
800.6226196	0.029078659
801.1518555	0.025950016
801.6810303	0.026820954
802.210083	0.027093708
802.7392578	0.025450568
803.2683105	0.026675178
803.7973633	0.026448102
804.3262939	0.025778881
804.8552246	0.026732765
805.3841553	0.026074439
805.9130249	0.026444935
806.4418335	0.025618209
806.9706421	0.025092372
807.4993896	0.02610545
808.0281372	0.024759932
808.5568848	0.027599244
809.0855103	0.027716978
809.6140747	0.026311351
810.1426392	0.026310708
810.6712036	0.026425726
811.199707	0.026774868
811.7281494	0.025250061
812.2565918	0.026326695
812.7849731	0.025769175
813.3133545	0.025706312
813.8416748	0.027219051
814.3699341	0.025562095
814.8981323	0.025479283
815.4263306	0.027094394
815.9545288	0.024349876
816.482605	0.027506004
817.0106812	0.025766588
817.5387573	0.026363382
818.0667114	0.025986031
818.5947266	0.026346258
819.1226196	0.025297581
819.6506348	0.026972666
820.1784058	0.0253756
820.7062378	0.025578752
821.2340088	0.025958456
821.7617188	0.0264911
822.2894287	0.026044393
822.8170776	0.02754879
823.3447266	0.027333939
823.8723145	0.026914725
824.3999023	0.026254972
824.9274292	0.027614414
825.454834	0.025673221
825.9822388	0.024554827
826.5096436	0.027781531
827.0370483	0.028113976
827.5643311	0.028508173
828.0916138	0.026509812
828.6188354	0.026452268
829.1459961	0.026723235
829.6732178	0.025757029
830.2003174	0.026478498
830.727417	0.025724638
831.2544556	0.027061569
831.7814941	0.026361843
832.3084106	0.027528827
832.8353271	0.026263251
833.3622437	0.027506078
833.8890381	0.027743142
834.4158325	0.027918349
834.942627	0.027573843
835.4693604	0.027320521
835.9960327	0.028337297
836.5227051	0.026187331
837.0493164	0.029720632
837.5758667	0.030179043
838.102417	0.028503494
838.6289063	0.029380933
839.1553345	0.028045317
839.6817627	0.026708746
840.2081299	0.027911085
840.734436	0.029344378
841.2607422	0.027634564
841.7869873	0.029679287
842.3132324	0.029110913
842.8392944	0.028038218
843.3654785	0.029635851
843.8916016	0.029407347
844.4176025	0.029031965
844.9436035	0.029636336
845.4696045	0.027875932
845.9955444	0.029202387
846.5214233	0.030602351
847.0472412	0.029733249
847.5731201	0.030149989
848.0988159	0.029356406
848.6245117	0.029844396
849.1502686	0.030568619
849.6758423	0.031397029
850.201416	0.030242247
850.7270508	0.028853877
851.2525635	0.029380608
851.7780151	0.027811746
852.3034668	0.030108006
852.8288574	0.028861302
853.354187	0.031178229
853.8795776	0.031033838
854.4048462	0.030125
854.9300537	0.033936792
855.4552002	0.031591814
855.9803467	0.03092329
856.5054321	0.031258916
857.0305176	0.030185067
857.555603	0.031239997
858.0805664	0.031594963
858.6054688	0.0299876
859.1303711	0.029499578
859.6552734	0.031040485
860.1800537	0.031960979
860.704834	0.031353188
861.2295532	0.032744535
861.7542725	0.03199638
862.2788696	0.030836576
862.8035278	0.031532866
863.328064	0.033455637
863.8525391	0.031248942
864.3771362	0.032421377
864.9015503	0.032392473
865.4259033	0.031142562
865.9502563	0.033905039
866.4746094	0.030543475
866.9988403	0.033197765
867.5230713	0.032964838
868.0472412	0.03359414
868.5714111	0.031167618
869.095459	0.031713041
869.6195679	0.033281154
870.1435547	0.031023535
870.6675415	0.03346919
871.1914673	0.032905156
871.7153931	0.033205124
872.2391968	0.034384667
872.7630005	0.031697233
873.2867432	0.034810351
873.8104858	0.032390237
874.3341675	0.031449214
874.8577881	0.031454922
875.3814087	0.036134073
875.9049072	0.034327676
876.4284058	0.034399833
876.9519043	0.034171908
877.4752808	0.029446862
877.9986572	0.034385156
878.5220337	0.032371594
879.0453491	0.035401332
879.5685425	0.035088329
880.0917358	0.032688734
880.6149292	0.035318889
881.1380005	0.034119672
881.6610718	0.035153777
882.184082	0.03486389
882.7070313	0.035376981
883.2300415	0.035314027
883.7529297	0.03380476
884.2758179	0.034617775
884.7985229	0.034358384
885.3212891	0.033925587
885.8440552	0.034393251
886.3666992	0.03494433
886.8893433	0.035316899
887.4119263	0.032873487
887.9344482	0.033918583
888.4569702	0.034919791
888.9794312	0.034882712
889.5018921	0.034890024
890.0241699	0.034994069
890.5465698	0.034175793
891.0688477	0.036398953
891.5910034	0.035901878
892.1132202	0.03415485
892.635376	0.03444124
893.1574097	0.03446721
893.6795044	0.034338028
894.2014771	0.036119653
894.7235107	0.034082689
895.2453613	0.03577693
895.7672729	0.033472456
896.2891235	0.034930525
896.8108521	0.034860915
897.3325806	0.035304575
897.8543091	0.03411502
898.3759155	0.033902604
898.897583	0.034965825
899.4191895	0.036086031
899.9406738	0.035394901
900.4621582	0.0365536
900.9835815	0.03264893
901.5049438	0.034544873
902.0262451	0.035317449
902.5475464	0.034565446
903.0687866	0.034989176
903.5899658	0.034292623
904.111145	0.037640087
904.6322632	0.034778003
905.1533813	0.033765388
905.6743164	0.034660701
906.1953125	0.034845516
906.7162476	0.035719719
907.2370605	0.035460557
907.7579346	0.03651253
908.2787476	0.036599875
908.7994385	0.035281562
909.3201294	0.034747692
909.8408813	0.036970876
910.3614502	0.034099262
910.881958	0.034332969
911.4024658	0.035759157
911.9229736	0.036516312
912.4433594	0.035076323
912.9637451	0.035546569
913.4840698	0.034003192
914.0042725	0.034689465
914.5245972	0.037598484
915.0447998	0.035437431
915.5649414	0.034271602
916.085022	0.034857356
916.6051025	0.034909987
917.125061	0.035522811
917.6450195	0.033904229
918.164917	0.035226912
918.6847534	0.034252386
919.2045288	0.032355556
919.7243042	0.031192923
920.2440796	0.034000499
920.7637939	0.035015411
921.2833862	0.035054886
921.8029785	0.033707865
922.3225098	0.03328213
922.8419189	0.034126049
923.3614502	0.034693342
923.8807983	0.034817783
924.4000854	0.036913651
924.9194336	0.036289855
925.4387207	0.035656214
925.9578247	0.034026391
926.4770508	0.034278493
926.9961548	0.033880822
927.5152588	0.033296293
928.0341797	0.035209859
928.5532227	0.033081857
929.0720825	0.034825261
929.5909424	0.033818017
930.1098022	0.035635301
930.6286011	0.035905432
931.1472778	0.032106966
931.6659546	0.035178703
932.1846313	0.034491803
932.703186	0.036064551
933.2216797	0.036713127
933.7401733	0.030571901
934.258606	0.034215867
934.7769775	0.032880801
935.2953491	0.033621282
935.8136597	0.03452795
936.3319092	0.037383656
936.8500977	0.031305809
937.3682861	0.034792551
937.8863525	0.040592892
938.4043579	0.034968685
938.9224243	0.035194829
939.4403687	0.033134933
939.9581909	0.034031248
940.4760742	0.035582822
940.9938965	0.03689384
941.5116577	0.035588633
942.0293579	0.031763569
942.5470581	0.032485974
943.0646973	0.034819533
943.5822144	0.037234043
944.0997314	0.032708274
944.6171875	0.03356523
945.1345825	0.030820673
945.6519775	0.034886225
946.1693115	0.034953538
946.6865234	0.03402047
947.2037354	0.033843104
947.7209473	0.036698558
948.2380981	0.031126482
948.7550659	0.035807063
949.2721558	0.035696787
949.7891235	0.037945493
950.3060303	0.030846333
950.822937	0.034403987
951.3397827	0.036164272
951.8564453	0.033146528
952.37323	0.034746399
952.8898926	0.033946252
953.4065552	0.029219708
953.9230957	0.035984973
954.4396362	0.035173231
954.9561157	0.033839508
955.4725342	0.031805066
955.9888916	0.034507178
956.505249	0.033742528
957.0214844	0.03590537
957.5377808	0.034927527
958.0539551	0.033501694
958.5700684	0.035895135
959.0861206	0.033785497
959.6021118	0.03262653
960.1181641	0.036678682
960.6340332	0.033623988
961.1499023	0.036061026
961.6657104	0.035759018
962.1814575	0.035304557
962.6972046	0.033928013
963.2128906	0.034739144
963.7285156	0.035076808
964.2440796	0.033709958
964.7595825	0.040552995
965.2750854	0.037406636
965.7904053	0.036707384
966.3057861	0.03301391
966.821167	0.035856079
967.3363647	0.033472283
967.8516235	0.035846337
968.3668213	0.033667712
968.881958	0.035113065
969.3969116	0.037262787
969.9119873	0.03610131
970.4269409	0.038256507
970.9418335	0.036428616
971.456665	0.03159358
971.9714966	0.034336106
972.4862061	0.036291341
973.0009155	0.039847957
973.515564	0.037496817
974.0302124	0.034101794
974.5446777	0.035173955
975.0592041	0.035391955
975.5736694	0.034749533
976.0880127	0.037451235
976.602356	0.035874731
977.1166992	0.030852521
977.6308594	0.0407655
978.1450195	0.035881331
978.6592407	0.040094962
979.1733398	0.035881019
979.6873169	0.035385846
980.2012939	0.032981618
980.71521	0.03675929
981.2290649	0.03686264
981.7428589	0.03229738
982.2566528	0.034176443
982.7703247	0.037319588
983.2839966	0.0358023
983.7976074	0.040768542
984.3111572	0.041411991
984.824707	0.034979279
985.3380737	0.039535372
985.8515015	0.036512879
986.3648682	0.037099972
986.8781738	0.037667845
987.3914185	0.041325841
987.904541	0.037657799
988.4176636	0.036908881
988.9307861	0.037262578
989.4438477	0.036746944
989.9567261	0.037940981
990.4697266	0.033963379
990.982605	0.038507285
991.4953003	0.03953611
992.0081787	0.036573557
992.520874	0.033278245
993.0334473	0.043853017
993.5460815	0.032121399
994.0586548	0.039296875
994.571167	0.037317511
995.0836182	0.036511156
995.5959473	0.035184167
996.1083374	0.037179796
996.6206055	0.039951962
997.1328735	0.041501497
997.6450195	0.041198804
998.1571045	0.039370714
998.6691284	0.03774354
999.1811523	0.040680172
999.6931152	0.041249795
1000.205017	0.039993376
1000.716858	0.037272271
1001.22876	0.037934225
1001.740417	0.036748518
1002.252136	0.039252496
1002.763733	0.034387895
1003.27533	0.036205839
1003.786804	0.034910306
1004.29834	0.036786319
1004.809692	0.041842507
1005.321045	0.034340165
1005.832336	0.040424182
1006.343689	0.03586996
1006.854858	0.040044187
1007.366028	0.038553994
1007.877136	0.036569639
1008.388062	0.03900315
1008.899048	0.033791416
1009.410034	0.035102659
1009.920837	0.0426423
1010.431702	0.035748423
1010.942505	0.03739468
1011.453186	0.041036717
1011.963806	0.035845133
1012.474487	0.03980002
1012.984924	0.04438433
1013.495422	0.039899749
1014.005859	0.044265798
1014.516235	0.044249613
1015.026489	0.036591687
1015.536865	0.04540163
1016.047058	0.041675371
1016.557251	0.037218515
1017.067322	0.036518628
1017.577332	0.038702152
1018.087402	0.041671153
1018.59729	0.042432055
1019.107178	0.034807356
1019.616882	0.04367289
1020.126587	0.040104621
1020.636414	0.036672926
1021.145996	0.033562251
1021.655762	0.038564722
1022.165161	0.037323623
1022.674622	0.038714219
1023.184143	0.041139615
1023.693481	0.032124229
1024.202759	0.035769829
1024.712158	0.046500363
1025.221313	0.041532358
1025.730347	0.043340638
1026.239502	0.037132988
1026.748657	0.043857463
1027.257446	0.038378993
1027.766602	0.039974859
1028.275269	0.040930469
1028.784058	0.038515495
1029.292847	0.035938904
1029.801636	0.05276283
1030.310181	0.038749507
1030.818848	0.048249131
1031.327393	0.038724374
1031.835938	0.037350531
1032.344238	0.045207957
1032.852539	0.037321778
1033.360962	0.037965718
1033.869141	0.045208214
1034.377319	0.046338255
1034.885498	0.042718732
1035.393555	0.037542662
1035.901611	0.050793651
1036.409546	0.036749328
1036.917358	0.040554802
1037.425171	0.044064204
1037.933105	0.039067326
1038.440796	0.043894027
1038.948486	0.048913893
1039.456055	0.046407425
1039.963623	0.044648512
1040.471191	0.048975672
1040.978638	0.038828562
1041.48584	0.050639135
1041.993286	0.045231238
1042.50061	0.036246965
1043.00769	0.036167295
1043.514893	0.045732239
1044.022095	0.044041911
1044.528931	0.053459119
1045.036133	0.03375068
1045.542969	0.045781798
1046.049805	0.03862194
1046.556763	0.029850746
1047.063354	0.038851351
1047.570068	0.052209621
1048.076782	0.040871935
1048.583252	0.046847203
1049.089722	0.034911243
1049.596313	0.047042477
1050.102661	0.036879433
1050.608887	0.049867698
1051.115356	0.059348413
1051.62146	0.043532082
1052.127808	0.037293107
1052.633789	0.061778538
1053.139771	0.054456546
1053.645874	0.043291024
1054.151733	0.049151028
1054.657593	0.038705297
1055.163574	0.060725006
1055.669189	0.046679052
1056.174805	0.050548402
1056.680542	0.050790609
1057.186035	0.04804139
1057.69165	0.04950495
1058.197021	0.044680326
1058.702515	0.054350536
1059.207764	0.063098009
1059.713135	0.040857503
1060.218262	0.041752577
1060.723389	0.051439232
1061.228638	0.046616942
1061.733521	0.054039449
1062.238525	0.037475345
1062.743652	0.049441341
1063.248413	0.05008394
1063.753296	0.041818692
1064.257935	0.056571429
1064.762573	0.043193327
1065.267334	0.058348294
1065.771851	0.04440444
1066.276245	0.049520272
1066.780884	0.052102377
1067.285156	0.05278129
1067.789551	0.056771329
1068.293823	0.052923881
1068.798096	0.061801446
1069.302124	0.058512397
1069.806274	0.034707904
1070.310303	0.051157968
1070.814209	0.041579315
1071.318115	0.039739637
1071.822021	0.038666194
1072.325806	0.056945956
1072.829468	0.03070332
1073.333252	0.054735326
1073.836914	0.062819576
1074.340332	0.040086674
1074.84375	0.040983607
1075.34729	0.04910045
1075.850586	0.05570393
1076.353882	0.034005536
1076.857178	0.016172507
1077.360352	0.027208202
1077.863403	0.082018927
1078.366455	0.054219323
1078.869507	0.037885096
1079.372437	0.044025157
1079.875366	0.03968254
1080.378174	0.063451777
1080.880859	0.020425902
1081.383667	0.050238198
1081.88623	0.049841414
1082.388672	0.055629729
1082.891357	0.035714286
1083.393677	0.061826698
1083.896118	0.044090056
1084.398438	0.051806084
1084.900757	0.037246582
1085.402954	0.039756782
1085.905029	0.040857
1086.407104	0.040983607
1086.909302	0.029554264
1087.411133	0.046023012
1087.912964	0.061308604
1088.414917	0.043523859
1088.916504	0.054516301
1089.418213	0.048844538
1089.919922	0.031016043
1090.421509	0.049919485
1090.922974	0.05295091
1091.424561	0.076701269
1091.925903	0.04805492
1092.427246	0.026750142
1092.928589	0.052302445
1093.429688	0.036729858
1093.930908	0.064220183
1094.432007	0.057668712
1094.932983	0.0558495
1095.434082	0.056097561
1095.934814	0.066120907
1096.435669	0.057522124
1096.936523	0.052700065
1097.437134	0.035691523
1097.937744	0.050065876
1098.438354	0.04041721
1098.938965	0.040762656
1099.439331	0.078403421
1099.939819	0.100852273
1100.440063	0.085772634
1100.940308	0.05306685
1101.440674	0.052891396
1101.940674	0.042233357
1102.440796	0.094380403
1102.940918	0.061658398
1103.440796	0.071851852
1103.940796	0.050549451
1104.440552	0.013719512
1104.940308	0.055641422
1105.440063	0.027879677
1105.939697	0.031084155
1106.439209	0.053948397
1106.938721	0.052504039
1107.438232	0.043082022
1107.937622	0.040529363
1108.43689	0.060926076
1108.936279	0.090986395
1109.435303	0.033591731
1109.934448	0.052158273
1110.433594	0.038496792
1110.932617	0.003616637
1111.431519	0.03963964
1111.93042	0.079654511
1112.429199	0.070888469
1112.927979	0.008256881
1113.426514	0.060252672
1113.925293	0.099728015
1114.423706	0.051177073
1114.922241	0.095625636
1115.420776	0.006622517
1115.919067	0.033783784
1116.41748	0.051960784
1116.915649	0.043022036
1117.413818	0.065482797
1117.911987	0.076581576
1118.410034	0.071428571
1118.907837	0.054704595
1119.405884	0.09307605
1119.903809	0.063783784
1120.401489	0.11546841
1120.89917	0.035428571
1121.396851	0.148102815
1121.894409	0.032768362
1122.391968	0.021176471
1122.889404	0.099876695
1123.386719	0.072544643
1123.884155	0.029205607
1124.38147	0.024390244
1124.87854	0.126380368
1125.375732	0.043478261
1125.872803	0.053012048
1126.369751	0.067639257
1126.866699	0.122128174
1127.363525	0.123595506
1127.860474	0.098314607
1128.357178	0.041720991
1128.853882	0.032476319
1129.350464	0.059508409
1129.846924	0.086007702
1130.343384	0.190909091
1130.839844	0.059282371
1131.336304	0.071823204
1131.83252	0.033512064
1132.328857	0.07591623
1132.824951	0.068825911
1133.320923	0.10866575
1133.817017	0.04851752
1134.312866	-0.012547051
1134.808716	0.063307494
1135.304688	-0.011111111
1135.800415	0.125173853
1136.296021	0.054834055
1136.791748	0.02300406
1137.287231	0.042313117
1137.782715	-0.020460358
1138.278198	0.00979021
1138.773438	0.031914894
1139.268921	0.088315217
1139.764038	0.108695652
1140.259155	0.088275862
1140.754272	0.050724638
1141.24939	0.155482815
1141.744263	0.101408451
1142.239258	0.092846271
1142.734009	0.025862069
1143.228638	0.141802068
1143.723389	0.203478261
1144.218018	0.050552923
1144.712646	0.140065147
1145.207153	0.023809524
1145.701538	0.125217391
1146.195801	-0.077738516
1146.690186	0.126666667
1147.184448	0.093206951
1147.678589	0.001733102
1148.172729	0.030188679
1148.666626	0.075675676
1149.160645	0.104477612
1149.654419	0.067761807
1150.148315	-0.001706485
1150.64209	0.106339468
1151.135742	0.089026915
1151.629395	0.08583691
1152.123047	0.154158215
1152.616455	0.141372141
1153.109741	0.071269488
1153.603271	0.093555094
1154.096313	0.04989605
1154.589478	0.137254902
1155.082764	0.174496644
1155.575806	-0.004282655
1156.068726	0.203309693
1156.561768	0.263736264
1157.054688	0.131578947
1157.547485	0.050898204
1158.040161	0.213656388
1158.532715	0.058823529
1159.025513	0.035502959
1159.518066	0.186842105
1160.010498	0.149560117
1160.50293	0.155234657
1160.995117	-0.048710602
1161.487427	0
1161.979614	0.1875
1162.47168	0.105113636
1162.963623	0.06779661
1163.455811	0.144886364
1163.947632	0.09556314
1164.439453	0.251937984
1164.931274	0.145695364
1165.422974	-0.052117264
1165.914551	0.093984962
1166.40625	0.2109375
1166.897583	0.073469388
1167.38916	0.298850575
1167.880493	0.122866894
1168.371704	0.085501859
1168.863037	0.124161074
1169.354248	0.118644068
1169.845215	0.120833333
1170.336304	0.424
1170.827148	-0.291390728
1171.317993	0.457777778
1171.808838	0.144680851
1172.299561	0.432038835
1172.790283	0.436823105
1173.280884	0.070588235
1173.771362	-0.165898618
1174.261841	0.246621622
1174.752197	0.303370787
1175.242554	0.265
1175.732788	0.359259259
1176.223022	0.068376068
1176.713013	0.298076923
1177.203125	0.286956522
1177.693115	0.388888889
1178.182983	0.232227488
1178.672974	0.280193237
1179.162598	-0.113445378
1179.652222	0.078341014
1180.141846	0.126168224
1180.63147	0.31884058
1181.12085	0.089622642
1181.610352	0.142857143
1182.099609	0.181818182
1182.588989	-0.15625
1183.078125	0.066666667
1183.567261	-0.619047619
1184.056274	-0.238095238
1184.54541	1.5625
1185.03418	-2.75
1185.523071	1.285714286
1186.011841	0.151515152
1186.500488	-12
1186.989136	-0.7
1187.477661	0.3
1187.966187	0.24137931
1188.454712	-2.2
1188.942993	-0.631578947
1189.431274	-12
1189.919556	-1.142857143
1190.407593	-0.466666667
1190.89563	-0.117647059
1191.383789	1.473684211
