97.20689392	0.196980854
97.74539948	0.219796124
98.28392792	0.203090838
98.82247925	0.205930156
99.36104584	0.206849998
99.89965057	0.210230175
100.4382706	0.205327337
100.9769058	0.201065979
101.515564	0.195595286
102.054245	0.199908915
102.5929565	0.198967763
103.1316833	0.197385654
103.6704254	0.192967941
104.2092056	0.196265809
104.7479858	0.195468438
105.2868118	0.193170111
105.8256454	0.195761888
106.364502	0.193886088
106.9033813	0.189072458
107.442276	0.193014324
107.9812012	0.188931543
108.5201492	0.19272597
109.0591125	0.190098379
109.5980988	0.193278701
110.1371002	0.194652297
110.6761398	0.196957143
111.2151947	0.198506311
111.7542648	0.194501172
112.2933502	0.195617818
112.8324661	0.199048585
113.3715973	0.195539544
113.9107666	0.200371291
114.4499359	0.198671143
114.9891205	0.200087627
115.5283508	0.200996408
116.0675964	0.198919891
116.6068573	0.200001097
117.1461334	0.203930691
117.6854324	0.197810268
118.2247543	0.203769276
118.7641068	0.201165196
119.3034592	0.202856716
119.8428497	0.20146905
120.3822479	0.200560031
120.9216766	0.199510542
121.4611282	0.198883647
122.0005875	0.199048875
122.5400696	0.198782142
123.0795822	0.198809645
123.6191101	0.201494011
124.1586533	0.200879412
124.6982193	0.199780785
125.2378082	0.20000591
125.7774124	0.195921746
126.3170395	0.195383698
126.8566895	0.197841878
127.396347	0.195929772
127.9360428	0.196874331
128.4757385	0.192939083
129.0154724	0.191760591
129.5552216	0.196415454
130.094986	0.194930005
130.6347656	0.192760021
131.1745605	0.195058952
131.714386	0.19515043
132.2542419	0.195479116
132.7941132	0.192577745
133.3339691	0.18643069
133.8738708	0.189858109
134.4138031	0.186854098
134.9537506	0.187057066
135.4937134	0.186580568
136.0336761	0.187108119
136.5736847	0.186825647
137.1136932	0.186351255
137.6537323	0.185843975
138.1938019	0.186038095
138.7338562	0.18870849
139.273941	0.188365635
139.8140717	0.185656395
140.3542023	0.190482235
140.8943481	0.194205333
141.4345093	0.192212326
141.9747009	0.19312559
142.5149078	0.193893575
143.05513	0.192557733
143.5953674	0.198418581
144.1356201	0.197231511
144.6759033	0.199325655
145.2162018	0.198780059
145.7565155	0.194931737
146.2968597	0.195985762
146.837204	0.197206609
147.3775787	0.190395202
147.9179688	0.188760753
148.458374	0.186630464
148.9987946	0.183715364
149.5392303	0.186524162
150.0796967	0.186802751
150.6201782	0.184598201
151.160675	0.182444558
151.7011871	0.182923073
152.2417145	0.184072245
152.7822571	0.183610717
153.3228302	0.183615831
153.8634186	0.179450814
154.4040375	0.176804483
154.9446411	0.176372176
155.4852905	0.17654911
156.0259399	0.179946794
156.5666046	0.180449747
157.1072998	0.179400753
157.6480103	0.183778552
158.1887207	0.186434691
158.7294769	0.186996006
159.2702332	0.186102309
159.8110199	0.183348814
160.3518066	0.180100882
160.8926086	0.178917932
161.4334412	0.178119833
161.9742737	0.177112323
162.515152	0.172380944
163.0560303	0.169699502
163.5969086	0.170551779
164.1378326	0.171976708
164.6787567	0.168739369
165.2197113	0.166698691
165.7606506	0.165806364
166.3016357	0.163806482
166.8426514	0.165307201
167.3836365	0.165517788
167.9246979	0.167468447
168.4657135	0.165581833
169.0067902	0.165092203
169.5478516	0.16437578
170.0889587	0.16442814
170.6300659	0.162808139
171.1711884	0.161384957
171.7123413	0.160774203
172.2534943	0.159057802
172.7946472	0.157889774
173.3358612	0.158496951
173.8770599	0.156617224
174.4182892	0.153283898
174.9595337	0.154978932
175.5007782	0.152539815
176.0420532	0.15260276
176.5833282	0.150592789
177.1246338	0.148149531
177.6659546	0.149149926
178.2072754	0.146388305
178.748642	0.144804819
179.2899933	0.144524475
179.8313751	0.144488378
180.3727722	0.146404014
180.9141693	0.144405721
181.4556274	0.145324931
181.9970398	0.143142866
182.5384979	0.145344986
183.0799866	0.148170061
183.6214447	0.147017071
184.1629791	0.147055673
184.7044678	0.149516926
185.2460175	0.149072031
185.7875519	0.151223927
186.3291016	0.151383786
186.8707123	0.154036764
187.4122772	0.15208118
187.9539032	0.149970387
188.4955292	0.149673705
189.0371399	0.152360821
189.5788116	0.152557913
190.1204681	0.150975182
190.6621399	0.15000034
191.2038422	0.152652792
191.7455444	0.152910789
192.287262	0.152834731
192.82901	0.15071608
193.3707581	0.14976156
193.9125366	0.151904442
194.4542999	0.152609151
194.9960938	0.152933475
195.5379028	0.154171768
196.0797424	0.153325343
196.621582	0.153446647
197.1634064	0.15292821
197.7052765	0.151006944
198.2471619	0.152280533
198.7890625	0.151879351
199.3309631	0.150473629
199.872879	0.151188542
200.4148102	0.149718057
200.9567719	0.148428407
201.4987335	0.149477915
202.0407104	0.148855062
202.5826874	0.149407405
203.1246796	0.149725864
203.6667023	0.148665294
204.2087402	0.148589011
204.7507935	0.146102532
205.2928314	0.143842946
205.8348999	0.143262876
206.3769989	0.140881542
206.9190826	0.138259103
207.4611969	0.136711029
208.0033112	0.141012315
208.5454407	0.141922014
209.0876007	0.142440296
209.6297607	0.142533274
210.171936	0.140866766
210.7141266	0.14335822
211.2563171	0.144802283
211.7985229	0.146251557
212.340744	0.144429633
212.8830109	0.145117315
213.4252319	0.147384607
213.9674988	0.149585726
214.5097809	0.151526082
215.052063	0.151827537
215.5943909	0.151067031
216.136673	0.150955995
216.6790161	0.154002511
217.221344	0.157178616
217.7637024	0.158964806
218.306076	0.153820378
218.8484344	0.151969257
219.3908234	0.149667515
219.9332275	0.150022392
220.4756165	0.150504276
221.0180664	0.149723059
221.5605011	0.147633176
222.102951	0.145160498
222.645401	0.146777427
223.1878662	0.147775284
223.7303619	0.145240146
224.2728424	0.143448005
224.8153534	0.140574734
225.3578796	0.140315137
225.9004059	0.143445221
226.4429474	0.143982824
226.9855042	0.144700029
227.5280609	0.143691659
228.0706329	0.144057347
228.6132355	0.148081836
229.1558228	0.149726308
229.6984253	0.151740589
230.2410583	0.153327728
230.7837067	0.152408147
231.3263397	0.153789559
231.868988	0.151458532
232.4116516	0.15149176
232.9543304	0.151484458
233.4970245	0.150749237
234.0397186	0.153597974
234.582428	0.152755509
235.1251373	0.15477496
235.6678772	0.156190079
236.2106323	0.153188396
236.7533722	0.152380289
237.2961273	0.150283016
237.838913	0.151464142
238.3817139	0.148910894
238.9244995	0.147826002
239.4673157	0.149180966
240.0101166	0.150749854
240.552948	0.149141846
241.0957794	0.151118341
241.6386414	0.15229554
242.1815033	0.154371513
242.7243347	0.155606936
243.2672272	0.156390134
243.8101196	0.156234644
244.3530273	0.155227567
244.8959198	0.158865768
245.4388275	0.157099055
245.981781	0.157677271
246.5247192	0.161234864
247.0676575	0.161791524
247.6106262	0.163466354
248.1535797	0.163258214
248.6965637	0.167355919
249.2395477	0.167259705
249.7825623	0.166258729
250.3255615	0.164819843
250.8685608	0.16577629
251.4116058	0.166814319
251.9546356	0.167437138
252.4976807	0.169960753
253.040741	0.168563651
253.583786	0.166409707
254.1268616	0.16845864
254.6699524	0.171221273
255.2130432	0.170422277
255.756134	0.171079403
256.2992554	0.173081598
256.8423767	0.172100245
257.3855286	0.173378308
257.9286194	0.174734004
258.4717712	0.176470244
259.0149536	0.1745595
259.558075	0.178457407
260.1012268	0.17825715
260.6444397	0.182559254
261.1876221	0.18138915
261.7308044	0.180418446
262.2740173	0.181966096
262.8172607	0.182918654
263.3604431	0.188710573
263.9036865	0.191240587
264.4469604	0.191479087
264.9902039	0.191263206
265.5334167	0.194084166
266.0767212	0.195984676
266.6199951	0.198127941
267.163269	0.204270138
267.706543	0.206619847
268.2498474	0.210838931
268.7931519	0.213248107
269.3364563	0.21489028
269.8798218	0.211975852
270.4231262	0.214915932
270.9664612	0.21924305
271.5097961	0.222090405
272.0531616	0.223321211
272.5964966	0.222559598
273.1398926	0.220554477
273.6832581	0.217243074
274.2266541	0.222015194
274.77005	0.223091592
275.313446	0.224083614
275.856842	0.2245479
276.400238	0.231102357
276.9436646	0.231078544
277.4870911	0.22684735
278.0305176	0.222838308
278.5740051	0.219182888
279.1174316	0.222543739
279.6608887	0.226022907
280.2043457	0.228872768
280.7478638	0.229663785
281.2912903	0.223780198
281.8347778	0.222420582
282.3782654	0.225297573
282.9217529	0.226660599
283.465271	0.231557873
284.0088196	0.236958924
284.5523376	0.236145682
285.0958557	0.237481226
285.6393738	0.237401917
286.1829224	0.232335637
286.7264709	0.224446497
287.269989	0.225099445
287.8135986	0.227516067
288.3571167	0.230352562
288.9006958	0.233652663
289.4442749	0.22795596
289.987915	0.225667607
290.5314331	0.227681749
291.0750427	0.224855053
291.6186829	0.22730562
292.162262	0.229428437
292.7059021	0.226441334
293.2495422	0.228265286
293.7931213	0.227672802
294.3367615	0.218705163
294.8804016	0.216310397
295.4240723	0.214292457
295.9676819	0.21527685
296.5113525	0.221562512
297.0550537	0.220349853
297.5986938	0.218838095
298.142334	0.215175318
298.6860657	0.215686517
299.2297363	0.214203341
299.7733765	0.220240232
300.3171082	0.219039891
300.8608398	0.218362824
301.40448	0.218543375
301.9482422	0.221526909
302.4919434	0.221362132
303.0356445	0.224365888
303.5793762	0.219213763
304.1231384	0.219232105
304.6668396	0.225445813
305.2105713	0.230137215
305.7543335	0.229928829
306.2981262	0.230230836
306.8418274	0.230003185
307.3856201	0.234127216
307.9294128	0.234416798
308.4731445	0.238624765
309.0169373	0.235478933
309.56073	0.235928255
310.1044922	0.232076537
310.6482849	0.237664381
311.1921082	0.234520971
311.7359009	0.236941229
312.2796631	0.233954049
312.8234863	0.239875496
313.3673401	0.24586147
313.9111328	0.25030224
314.4549255	0.249984062
314.9987488	0.246232943
315.5426025	0.241892836
316.0863953	0.248320701
316.6302795	0.244824172
317.1741333	0.240407808
317.717926	0.241863547
318.2618103	0.241210276
318.8056641	0.238721395
319.3495178	0.244952345
319.8933716	0.248084374
320.4372559	0.247190398
320.9811096	0.239965127
321.5249634	0.241815331
322.0688477	0.244337226
322.6127625	0.243669602
323.1565857	0.238612
323.7005005	0.23407538
324.2444153	0.226239477
324.788269	0.23088944
325.3321533	0.237689877
325.8760681	0.241309982
326.4199829	0.237010763
326.9638672	0.238548588
327.5078125	0.242938665
328.0516663	0.248712858
328.5955811	0.244654352
329.1395264	0.248556417
329.6834717	0.240918187
330.2273865	0.238108935
330.7713013	0.245260694
331.3152466	0.253455441
331.8591614	0.248149598
332.4031067	0.245132139
332.9470215	0.2434798
333.4909973	0.246458194
334.0348816	0.256619415
334.5788574	0.265845103
335.1228333	0.259632685
335.6667786	0.253875526
336.2107239	0.250276126
336.7546692	0.255525414
337.298645	0.249375175
337.8425903	0.245960957
338.3865356	0.240940473
338.9305115	0.244236251
339.4744568	0.248047061
340.0184631	0.249903029
340.562439	0.246563745
341.1064148	0.241249526
341.6503906	0.239786557
342.1943665	0.247089425
342.7383118	0.248823022
343.2823181	0.257383094
343.8262939	0.255203574
344.3702698	0.236863082
344.9142456	0.237848995
345.458252	0.241760191
346.0022583	0.245067498
346.5462646	0.248817476
347.09021	0.246889127
347.6342163	0.255625476
348.1781921	0.260419049
348.7221985	0.260770302
349.2662354	0.260964867
349.8102112	0.254041599
350.354187	0.257093182
350.8981934	0.263729711
351.4422302	0.265388885
351.9862366	0.258037356
352.5302124	0.254447749
353.0742188	0.253667801
353.6182556	0.245873718
354.1622314	0.243305182
354.7062683	0.255097074
355.2502747	0.251018701
355.7942505	0.244578273
356.3382874	0.240650087
356.8823242	0.236129652
357.4263	0.232230343
357.9703369	0.227614775
358.5143738	0.222183857
359.0583191	0.218254194
359.602356	0.223202389
360.1463928	0.226056326
360.6904297	0.226532859
361.234375	0.215958362
361.7784424	0.208486967
362.3224792	0.211370123
362.8664551	0.213307314
363.4104919	0.21275332
363.9544983	0.210831817
364.4984741	0.209546607
365.042511	0.205334635
365.5865784	0.206685152
366.1306152	0.205954455
366.6745911	0.207375518
367.2185974	0.207294546
367.7626648	0.209105401
368.3066101	0.216061173
368.8506775	0.212134877
369.3946838	0.212810531
369.9386597	0.210793274
370.4826965	0.206885309
371.0267029	0.204598573
371.5707703	0.20754435
372.1147156	0.212950171
372.6587524	0.205058221
373.2027893	0.200704092
373.7467651	0.202108347
374.290802	0.205371252
374.8348389	0.2064783
375.3787842	0.199576263
375.922821	0.193555352
376.4668579	0.201027757
377.0108948	0.19755009
377.5548401	0.198583629
378.0988464	0.192226388
378.6428528	0.184749617
379.1868286	0.190959432
379.7308655	0.185745929
380.2748718	0.177454423
380.8188171	0.173893935
381.362854	0.176158203
381.9068604	0.179504702
382.4508667	0.174777901
382.994812	0.177371805
383.5388489	0.18031917
384.0828247	0.171189141
384.62677	0.168752708
385.1707764	0.164666165
385.7148132	0.167822503
386.258728	0.16770153
386.8027344	0.158899219
387.3467407	0.160817337
387.8907471	0.157046059
388.4346619	0.161118457
388.9786682	0.160903752
389.522644	0.157047552
390.0665894	0.16322996
390.6105652	0.164599415
391.154541	0.165503999
391.6984863	0.161972628
392.2424622	0.155999481
392.786438	0.155972317
393.3304138	0.15490136
393.8743286	0.152399829
394.4183044	0.152528295
394.9622498	0.151231289
395.5061646	0.152337677
396.0501099	0.149598719
396.5940552	0.150453014
397.13797	0.15431969
397.6819153	0.152763469
398.2258911	0.153385318
398.7698364	0.149476402
399.3137207	0.149374872
399.857666	0.150181774
400.4016113	0.145057965
400.9454956	0.146087515
401.4894409	0.143768191
402.0333557	0.142524952
402.5772095	0.14352656
403.1211243	0.139343823
403.6650696	0.142079912
404.2089844	0.142083788
404.7528381	0.142225904
405.2967529	0.140089784
405.8406677	0.139359595
406.384491	0.137584712
406.9284058	0.137748985
407.47229	0.131964761
408.0161438	0.128429649
408.5600281	0.125239066
409.1039124	0.120232559
409.6477966	0.11700683
410.1916504	0.113991425
410.7355042	0.115183175
411.2793884	0.114535926
411.8231812	0.114458711
412.3670349	0.111804018
412.9108887	0.110622426
413.4547119	0.114133943
413.9985657	0.111633188
414.5424194	0.109228977
415.0862122	0.109082518
415.6300659	0.108513966
416.1738586	0.107736008
416.7177124	0.10598225
417.2614746	0.104714078
417.8052979	0.105454461
418.3491211	0.107975037
418.8928528	0.108045518
419.436676	0.109943807
419.9804993	0.110078781
420.524231	0.108912975
421.0680237	0.105970523
421.6118164	0.103341022
422.1555786	0.103365131
422.6993408	0.10349624
423.243103	0.103016145
423.7868652	0.100561871
424.3305969	0.099933127
424.8743591	0.098697643
425.4181213	0.09866349
425.961792	0.097714238
426.5055237	0.095459458
427.0492859	0.097062681
427.5930481	0.095489457
428.1366882	0.096408408
428.6804199	0.093791596
429.2241516	0.092596634
429.7677917	0.091739328
430.3115234	0.0902555
430.8552246	0.09031566
431.3988647	0.090088336
431.9425354	0.090832378
432.4862366	0.089347242
433.0299072	0.088579043
433.5735474	0.08771331
434.117218	0.087651723
434.6608887	0.088000859
435.2044983	0.087689228
435.7481384	0.087058871
436.2918091	0.086724048
436.8353577	0.087816661
437.3789978	0.085499705
437.9226379	0.085695713
438.4662476	0.084336956
439.0097961	0.08501343
439.5534363	0.084778569
440.0970154	0.085399272
440.640564	0.085420916
441.1841431	0.085476753
441.7277832	0.084700033
442.2712708	0.083231739
442.8148499	0.083094629
443.358429	0.082533619
443.9019775	0.082245092
444.4454651	0.080942334
444.9890137	0.080275347
445.5325928	0.079988251
446.0760498	0.080092826
446.6195679	0.079238555
447.1630859	0.078363766
447.706543	0.079692099
448.250061	0.078369966
448.7935486	0.077893198
449.3370667	0.077782581
449.8804932	0.077831939
450.4239502	0.076855709
450.9674072	0.076417141
451.5108032	0.075870818
452.0542908	0.075639283
452.5977478	0.076085489
453.1411133	0.076187697
453.6845703	0.077041787
454.2279968	0.076799289
454.7713928	0.076002698
455.3147583	0.07623066
455.8581543	0.075642731
456.4015808	0.074784864
456.9448853	0.074749117
457.4882813	0.074892932
458.0316467	0.07409441
458.5749512	0.073685356
459.1183167	0.073535896
459.6616516	0.072893141
460.2050171	0.07300645
460.748291	0.073508936
461.2915955	0.073853349
461.8349609	0.07396202
462.3782043	0.073547492
462.9214783	0.073518297
463.4648132	0.072830319
464.0080261	0.072352686
464.5513	0.072629432
465.094574	0.072734856
465.6378479	0.072765723
466.1810303	0.07349918
466.7242432	0.073470936
467.2675171	0.073442688
467.8106689	0.072687792
468.3538818	0.07293251
468.8971252	0.073134978
469.4402466	0.073221419
469.9834595	0.073504521
470.5266418	0.074047405
471.0697937	0.074052295
471.612915	0.074233805
472.1560974	0.074552873
472.6992493	0.075752534
473.2423096	0.07583455
473.7854309	0.075766575
474.3285828	0.076037758
474.8716125	0.07639024
475.4147339	0.077284655
475.9578247	0.077833715
476.500885	0.077928442
477.0439148	0.078304152
477.5869751	0.078801234
478.1300354	0.080002592
478.6730347	0.080482066
479.2160645	0.081079042
479.7590942	0.081079312
480.302063	0.081432404
480.8450623	0.081565807
481.3880615	0.082092607
481.9309998	0.082239601
482.4739685	0.082325852
483.0169678	0.08205085
483.5599365	0.082200606
484.1028137	0.083155542
484.645752	0.083113701
485.1886902	0.083086389
485.7315369	0.083452426
486.2744446	0.083619399
486.8173523	0.084215724
487.360199	0.084363282
487.9030762	0.084606143
488.4459534	0.084576615
488.9888	0.084778483
489.5316162	0.084976906
490.0744324	0.085473399
490.6172791	0.085753183
491.1600342	0.085484362
491.7028198	0.085190365
492.245636	0.085268266
492.7883911	0.085498096
493.3311462	0.08557429
493.8739014	0.085772519
494.4166565	0.085309698
494.9593506	0.085624568
495.5020752	0.085996945
496.0447998	0.086215846
496.5874634	0.086044471
497.1301575	0.085676439
497.6728516	0.08573435
498.2154846	0.085654234
498.7581482	0.085702557
499.3007813	0.08573613
499.8434448	0.085446574
500.3860168	0.085389745
500.9286194	0.085076829
501.4712524	0.085124317
502.0137634	0.084989513
502.5563965	0.084813076
503.098938	0.084481618
503.641449	0.084310159
504.1839905	0.084190078
504.7265625	0.083742271
505.2690735	0.083264617
505.811554	0.08280361
506.3540344	0.081958801
506.8965454	0.08160738
507.4389648	0.081236155
507.9814453	0.080957107
508.5239258	0.080434456
509.0662842	0.080046067
509.6087341	0.079602281
510.151123	0.078804952
510.6936035	0.07810044
511.2359009	0.077532941
511.7783203	0.076720466
512.3206787	0.0763439
512.8629761	0.075585573
513.4052734	0.075107075
513.9476929	0.074662268
514.4899292	0.073909619
515.0322266	0.073772865
515.574585	0.073131842
516.1168823	0.072598182
516.6590576	0.071992166
517.2012939	0.071292419
517.7435913	0.070567289
518.2857056	0.069889836
518.8280029	0.069203489
519.3701782	0.068416107
519.9122925	0.067463132
520.4545288	0.066997045
520.9967041	0.066431194
521.5388184	0.065837794
522.0809326	0.065436135
522.6230469	0.064699096
523.1652222	0.064086266
523.7072144	0.063304899
524.2493286	0.062931164
524.7913818	0.062303707
525.333374	0.061485794
525.8754883	0.061122224
526.4174805	0.060395035
526.9595337	0.060176368
527.5015259	0.059615128
528.0435181	0.059308522
528.5855103	0.058705908
529.1273804	0.058450329
529.6693115	0.058005472
530.2113037	0.057582774
530.7531738	0.057271626
531.2950439	0.056982874
531.8370361	0.056694971
532.3788452	0.056568909
532.9206543	0.056122253
533.4625854	0.056038519
534.0044556	0.055877957
534.5462036	0.055650887
535.0880127	0.055610804
535.6298218	0.055415795
536.1715698	0.055241598
536.7133789	0.055225208
537.255127	0.055160006
537.796814	0.055263383
538.338501	0.054941053
538.880249	0.055205505
539.421936	0.055040567
539.963562	0.055113061
540.505249	0.055496517
541.046875	0.055709347
541.588501	0.055598868
542.130127	0.055522656
542.6717529	0.055563299
543.2133179	0.055845129
543.7548828	0.055980489
544.2964478	0.056343885
544.8380127	0.056389688
545.3794556	0.05661605
545.9210205	0.057154503
546.4625244	0.057415788
547.0039673	0.057974213
547.5454712	0.058272666
548.0869141	0.058588745
548.6283569	0.059281354
549.1697388	0.059714328
549.7111816	0.060319139
550.2526245	0.060870103
550.7939453	0.061198192
551.3352661	0.061686606
551.8766479	0.062529171
552.4179688	0.063249729
552.9592285	0.063794905
553.5005493	0.064704371
554.0418091	0.065459119
554.5830688	0.06618994
555.1243896	0.067067473
555.6655884	0.067579912
556.2067871	0.068456463
556.7479858	0.06947968
557.2891846	0.070153401
557.8303223	0.070811179
558.37146	0.071598792
558.9126587	0.072304677
559.4537354	0.072992663
559.994812	0.073795541
560.5359497	0.074660844
561.0770264	0.075652228
561.618042	0.076620682
562.1591187	0.077446142
562.7001343	0.078490726
563.2411499	0.079558863
563.7821655	0.080405206
564.3231201	0.081257044
564.8640137	0.081973918
565.4049683	0.082681382
565.9459229	0.083596424
566.4868164	0.084130281
567.0276489	0.084681002
567.5686035	0.085372152
568.109436	0.086218979
568.6502075	0.086978041
569.1911011	0.087752259
569.7319336	0.088428642
570.272644	0.089222536
570.8134155	0.090047219
571.354187	0.090777799
571.8949585	0.091440185
572.4356079	0.092023709
572.9763794	0.092638107
573.5170288	0.093278653
574.0576782	0.093846318
574.5982666	0.094511727
575.1389771	0.095216875
575.6795044	0.095975383
576.2201538	0.09687139
576.7607422	0.097819692
577.3013306	0.098832656
577.8417969	0.099498379
578.3823853	0.100059112
578.9228516	0.100701259
579.4633179	0.101434936
580.0038452	0.102296361
580.5443115	0.103034062
581.0847168	0.103581073
581.6251221	0.103920342
582.1655884	0.104456817
582.7059326	0.104916518
583.2462769	0.105423399
583.7866211	0.105739458
584.3269653	0.106223584
584.8671875	0.106617657
585.4075317	0.106940623
585.9478149	0.107278495
586.4880371	0.107556482
587.0282593	0.107826115
587.5684814	0.107983856
588.1087646	0.108384243
588.6489258	0.109025966
589.1890869	0.109535703
589.729187	0.109990483
590.2692871	0.110238364
590.8094482	0.110572208
591.3494873	0.110844027
591.8895874	0.111240504
592.4296265	0.111580485
592.9696655	0.11213043
593.5097046	0.11254395
594.0496216	0.11303749
594.5895996	0.113293856
595.1295776	0.113475831
595.6694336	0.113789427
596.2094116	0.114078895
596.7493286	0.11424674
597.2891235	0.114421186
597.8289795	0.114523577
598.3688965	0.114640434
598.9087524	0.114437896
599.4484863	0.114295327
599.9882202	0.114163046
600.5280151	0.114196287
601.067749	0.114103637
601.6074219	0.114116346
602.1471558	0.114187553
602.6868286	0.114242535
603.2264404	0.114061476
603.7661133	0.113727781
604.3057861	0.113434356
604.8453369	0.113268769
605.3849487	0.113145153
605.9244995	0.112945982
606.4640503	0.112844314
607.00354	0.112696068
607.5430908	0.112564108
608.0825195	0.112458085
608.6219482	0.112427465
609.161438	0.112441638
609.7008667	0.112435038
610.2402344	0.112372101
610.779541	0.112139009
611.3189697	0.112049757
611.8582153	0.111887013
612.397583	0.111686481
612.9369507	0.111328299
613.4761963	0.111105353
614.0153809	0.111055413
614.5546875	0.110919062
615.0938721	0.110762837
615.6330566	0.11061344
616.1721802	0.110464147
616.7113647	0.110237702
617.2505493	0.110096655
617.7895508	0.109973043
618.3286743	0.109939391
618.8677979	0.109819199
619.4067383	0.109682493
619.9458618	0.109537796
620.4848022	0.109426364
621.0237427	0.109358743
621.5627441	0.10915001
622.1016846	0.108893169
622.640625	0.108534581
623.1794434	0.108253801
623.7183838	0.108024967
624.2572632	0.107911447
624.7960205	0.107807174
625.3348389	0.107548496
625.8736572	0.107366653
626.4122925	0.107196624
626.9510498	0.106907669
627.4898682	0.106566028
628.0285645	0.106135682
628.5671997	0.105495717
629.105896	0.104900424
629.6444702	0.104551767
630.1830444	0.104201822
630.7216797	0.10379437
631.2602539	0.103412428
631.7987671	0.102982387
632.3372803	0.102697808
632.8757935	0.102539635
633.4142456	0.102338137
633.9526978	0.102152386
634.4911499	0.101782299
635.0296021	0.101427576
635.5678711	0.101258125
636.1062622	0.101075566
636.6446533	0.100887468
637.1829224	0.100701487
637.7212524	0.100633383
638.2595215	0.100701526
638.7977905	0.100711285
639.3359985	0.100630915
639.8741455	0.100368
640.4123535	0.100171278
640.9505005	0.10007068
641.4886475	0.100051297
642.0267944	0.100235586
642.5648193	0.10046411
643.1029053	0.100384394
643.6409302	0.100435533
644.1790161	0.100466379
644.71698	0.10053061
645.2549438	0.100715795
645.7929077	0.100795834
646.3308105	0.100743477
646.8687134	0.100701733
647.4065552	0.100752154
647.944397	0.100785785
648.4822388	0.100730014
649.0200806	0.100689453
649.5578613	0.100685386
650.0955811	0.100688525
650.6333618	0.100682022
651.1710815	0.100806538
651.7087402	0.100807571
652.2463989	0.10067311
652.7840576	0.100405918
653.3215942	0.100462161
653.8592529	0.1004328
654.3967896	0.100294533
654.9343262	0.100130043
655.4718018	0.099906619
656.0093384	0.099653228
656.546814	0.099439463
657.0842896	0.099209353
657.6216431	0.098900549
658.1590576	0.098636349
658.6964111	0.098510348
659.2338257	0.098579091
659.7711182	0.098557051
660.3084106	0.098644717
660.8457031	0.098545638
661.3829346	0.098408997
661.9202271	0.098250641
662.4573364	0.09798894
662.9945068	0.098103696
663.5316772	0.0981361
664.0687866	0.098198713
664.605896	0.098306282
665.1430054	0.098445324
665.6799927	0.09856806
666.21698	0.098737967
666.7540283	0.098842552
667.2910156	0.098894681
667.8279419	0.098943428
668.3648682	0.099067396
668.9017944	0.099067451
669.4385986	0.09900796
669.9754639	0.099329317
670.5123291	0.09975867
671.0490723	0.100226012
671.5858765	0.100485321
672.1226196	0.100812449
672.6593628	0.101323536
673.1959839	0.101586014
673.7327271	0.101941361
674.2693481	0.102211528
674.8059082	0.102497515
675.3425293	0.102810725
675.8790894	0.103106936
676.4155884	0.103429884
676.9521484	0.103828901
677.4885864	0.104440609
678.0250854	0.104982733
678.5614624	0.105100331
679.0979614	0.105268998
679.6342773	0.10562227
680.1706543	0.105770318
680.7069702	0.105862857
681.2432861	0.106071092
681.77948	0.106244192
682.3157959	0.106386737
682.8520508	0.106520493
683.3882446	0.106707303
683.9243774	0.107021945
684.4605103	0.107581193
684.9966431	0.108031608
685.5326538	0.108448092
686.0687256	0.108879782
686.6047974	0.109392754
687.1408081	0.109968836
687.6767578	0.11025176
688.2127686	0.110568577
688.7487183	0.110940209
689.2845459	0.111250201
689.8204346	0.111514686
690.3562622	0.111815326
690.8920898	0.111872709
691.4279175	0.111801109
691.9636841	0.111795519
692.4993286	0.111873584
693.0350342	0.111904033
693.5708008	0.111991381
694.1064453	0.112006817
694.6420288	0.111794906
695.1776733	0.11154146
695.7132568	0.111152797
696.2487793	0.110614541
696.7842407	0.109944434
697.3197632	0.109326297
697.8551636	0.109054142
698.390625	0.108903866
698.9260254	0.108888458
699.4614258	0.108859078
699.9967651	0.108785162
700.5321045	0.108571825
701.0674438	0.108558829
701.6026001	0.108735899
702.1378784	0.108962637
702.6730957	0.109067154
703.208252	0.109174183
703.7433472	0.109144742
704.2785034	0.109109984
704.8136597	0.109056819
705.3486328	0.109241041
705.883728	0.109585294
706.4187012	0.110229267
706.9536743	0.110830326
707.4886475	0.111197537
708.0236206	0.11146979
708.5584717	0.111744776
709.0933228	0.11188598
709.6281738	0.112077892
710.1629639	0.112176477
710.6977539	0.11237497
711.2324829	0.112445493
711.7672729	0.112478536
712.3018799	0.112637302
712.8365479	0.112963149
713.3712158	0.113334756
713.9058228	0.113577342
714.4403687	0.113639935
714.9749146	0.113760234
715.5094604	0.113859936
716.0438843	0.113953086
716.5783691	0.113889834
717.112854	0.114111206
717.6472168	0.114436487
718.1815796	0.114611632
718.7158813	0.11478714
719.2501831	0.114973005
719.7844849	0.115223669
720.3187256	0.115848112
720.8529663	0.116360857
721.387146	0.116793847
721.9213257	0.116971396
722.4554443	0.116919924
722.989502	0.116750105
723.5236206	0.116499551
724.0576782	0.116510398
724.5916138	0.11666742
725.1256104	0.116778239
725.6596069	0.11675924
726.1934204	0.116790853
726.727356	0.116823889
727.2612305	0.116752128
727.795105	0.116735806
728.3288574	0.116690221
728.8626099	0.11659571
729.3963623	0.116626342
729.9300537	0.116480367
730.4637451	0.115932721
730.9974365	0.115523617
731.5309448	0.115216325
732.0645752	0.114997036
732.5981445	0.115014683
733.1317139	0.11508643
733.6651001	0.115218427
734.1986694	0.11537668
734.7320557	0.115627151
735.2654419	0.115919686
735.7987671	0.116221046
736.3321533	0.116302874
736.8654175	0.116340125
737.3986816	0.116293337
737.9320068	0.116318258
738.46521	0.116377378
738.9983521	0.116553746
739.5315552	0.116787632
740.0646973	0.117165363
740.5976563	0.117467529
741.1307373	0.117551807
741.6638184	0.117644997
742.1967163	0.117860213
742.7297363	0.118053785
743.2626953	0.118331059
743.7955933	0.118542346
744.3284302	0.118607896
744.8612671	0.11849182
745.394104	0.118392972
745.9268188	0.118540391
746.4595947	0.118828672
746.9923096	0.119217049
747.5249023	0.119539623
748.0576172	0.119622538
748.59021	0.119808095
749.1228027	0.119936742
749.6552734	0.119857515
750.1878052	0.119648556
750.7203369	0.119679518
751.2527466	0.120117257
751.7851563	0.120579815
752.3175659	0.120976294
752.8499146	0.121099249
753.3822021	0.121230048
753.9145508	0.121452315
754.4467773	0.12155607
754.9789429	0.121613472
755.5111694	0.121622071
756.043335	0.121361034
756.5754395	0.121064504
757.1075439	0.120737827
757.6395874	0.12066815
758.1715698	0.120872828
758.7036133	0.12112445
759.2355347	0.121199981
759.7675171	0.121393918
760.2993164	0.12183289
760.8312378	0.12217924
761.3630981	0.122220181
761.8948364	0.122153933
762.4265747	0.122196388
762.958313	0.122290525
763.4899902	0.122251981
764.0216064	0.122199243
764.5533447	0.122261659
765.0848999	0.122520701
765.6164551	0.122877966
766.1479492	0.123358384
766.6794434	0.12384688
767.2108765	0.124332303
767.7423706	0.124672918
768.2736816	0.124864775
768.8049927	0.124862905
769.3364258	0.125009071
769.8676758	0.12536222
770.3989258	0.125506246
770.9301147	0.125594297
771.4613647	0.125933794
771.9924927	0.126225535
772.5235596	0.12641731
773.0546265	0.126865575
773.5857544	0.127533767
774.1166992	0.128164674
774.6477051	0.128659227
775.1786499	0.128912703
775.7095947	0.129217518
776.2404175	0.12958672
776.7712402	0.129910489
777.302124	0.130021385
777.8328247	0.130195467
778.3635864	0.130526261
778.8943481	0.1309591
779.4249268	0.131232969
779.9555664	0.131333138
780.4862061	0.131406021
781.0167847	0.131577954
781.5472412	0.131531382
782.0777588	0.131684043
782.6082764	0.131885539
783.1386719	0.131784803
783.6690674	0.131523381
784.1994629	0.131602665
784.7297363	0.131758145
785.2600098	0.131803638
785.7902832	0.131694322
786.3204956	0.131193795
786.8505859	0.130762711
787.3807983	0.130598034
787.9108887	0.130390126
788.440918	0.130159567
788.9710083	0.130217491
789.5009766	0.130374034
790.0309448	0.130438913
790.5608521	0.130605457
791.0907593	0.130541972
791.6206055	0.130463688
792.1504517	0.13034999
792.6802368	0.130283969
793.2099609	0.130482426
793.7396851	0.130723481
794.2693481	0.130426353
794.7990112	0.13031936
795.3285522	0.130448694
795.8581543	0.130711233
796.3876953	0.131164881
796.9171753	0.131673081
797.4465942	0.13207766
797.9761353	0.132562423
798.5054932	0.132769882
799.03479	0.132736565
799.5640869	0.132819582
800.0934448	0.132954181
800.6226196	0.132971512
801.1518555	0.133021562
801.6810303	0.133380935
802.210083	0.133841671
802.7392578	0.134064693
803.2683105	0.13420297
803.7973633	0.1343648
804.3262939	0.134620596
804.8552246	0.134637149
805.3841553	0.134709954
805.9130249	0.134802026
806.4418335	0.135053985
806.9706421	0.135266612
807.4993896	0.135512902
808.0281372	0.135605601
808.5568848	0.135878777
809.0855103	0.136097769
809.6140747	0.136131676
810.1426392	0.136117606
810.6712036	0.136304185
811.199707	0.136811242
811.7281494	0.136922553
812.2565918	0.136821013
812.7849731	0.136878251
813.3133545	0.137206175
813.8416748	0.137670723
814.3699341	0.138164018
814.8981323	0.138577255
815.4263306	0.138761182
815.9545288	0.138871057
816.482605	0.13906545
817.0106812	0.139421469
817.5387573	0.139728618
818.0667114	0.140054514
818.5947266	0.140449769
819.1226196	0.14073321
819.6506348	0.141366258
820.1784058	0.141941802
820.7062378	0.1424827
821.2340088	0.142630856
821.7617188	0.143050081
822.2894287	0.143706599
822.8170776	0.14426838
823.3447266	0.144488654
823.8723145	0.144492781
824.3999023	0.144573724
824.9274292	0.144862826
825.454834	0.145284494
825.9822388	0.145495293
826.5096436	0.14542661
827.0370483	0.145239854
827.5643311	0.145165361
828.0916138	0.14525304
828.6188354	0.145323956
829.1459961	0.145472322
829.6732178	0.14542765
830.2003174	0.145416893
830.727417	0.145408013
831.2544556	0.145605829
831.7814941	0.145903236
832.3084106	0.145969514
832.8353271	0.145975604
833.3622437	0.146149322
833.8890381	0.14614413
834.4158325	0.146153443
834.942627	0.146409541
835.4693604	0.146589815
835.9960327	0.147036302
836.5227051	0.147316036
837.0493164	0.147299122
837.5758667	0.147060981
838.102417	0.146691153
838.6289063	0.146551494
839.1553345	0.146591958
839.6817627	0.146444001
840.2081299	0.146416262
840.734436	0.146340478
841.2607422	0.14645313
841.7869873	0.146396674
842.3132324	0.146280819
842.8392944	0.146154356
843.3654785	0.14604761
843.8916016	0.146230785
844.4176025	0.146489943
844.9436035	0.146440328
845.4696045	0.146509253
845.9955444	0.146483868
846.5214233	0.14655305
847.0472412	0.147070884
847.5731201	0.147868097
848.0988159	0.148709214
848.6245117	0.149002805
849.1502686	0.14885719
849.6758423	0.149086731
850.201416	0.149428199
850.7270508	0.14973651
851.2525635	0.150054672
851.7780151	0.150289742
852.3034668	0.150631394
852.8288574	0.151018609
853.354187	0.151394138
853.8795776	0.151789018
854.4048462	0.151970623
854.9300537	0.152222159
855.4552002	0.15232854
855.9803467	0.152528558
856.5054321	0.153207349
857.0305176	0.153782848
857.555603	0.154175668
858.0805664	0.154348887
858.6054688	0.15479374
859.1303711	0.15544635
859.6552734	0.155877815
860.1800537	0.15621326
860.704834	0.15665067
861.2295532	0.157013643
861.7542725	0.157433312
862.2788696	0.157744596
862.8035278	0.158143432
863.328064	0.158407705
863.8525391	0.158467024
864.3771362	0.158668261
864.9015503	0.15882207
865.4259033	0.159356586
865.9502563	0.159685707
866.4746094	0.159755107
866.9988403	0.159651951
867.5230713	0.159415243
868.0472412	0.159468814
868.5714111	0.159399351
869.095459	0.159557526
869.6195679	0.159487293
870.1435547	0.159458447
870.6675415	0.159519439
871.1914673	0.1595759
871.7153931	0.159630523
872.2391968	0.159833876
872.7630005	0.160215091
873.2867432	0.160415477
873.8104858	0.160601182
874.3341675	0.160698605
874.8577881	0.160920471
875.3814087	0.160763825
875.9049072	0.16069458
876.4284058	0.160669232
876.9519043	0.160710524
877.4752808	0.161142307
877.9986572	0.161249899
878.5220337	0.161640755
879.0453491	0.161682484
879.5685425	0.162141197
880.0917358	0.1624412
880.6149292	0.162419403
881.1380005	0.16246807
881.6610718	0.162684687
882.184082	0.162639126
882.7070313	0.162462429
883.2300415	0.162530491
883.7529297	0.16278595
884.2758179	0.162908632
884.7985229	0.162949932
885.3212891	0.162998035
885.8440552	0.163256549
886.3666992	0.163559817
886.8893433	0.163760161
887.4119263	0.163841458
887.9344482	0.164180216
888.4569702	0.164167119
888.9794312	0.164449602
889.5018921	0.164561584
890.0241699	0.164763706
890.5465698	0.165102063
891.0688477	0.165224103
891.5910034	0.165382481
892.1132202	0.165603105
892.635376	0.165878743
893.1574097	0.1661106
893.6795044	0.166224426
894.2014771	0.166342128
894.7235107	0.166458194
895.2453613	0.166852995
895.7672729	0.167138074
896.2891235	0.167299053
896.8108521	0.167223154
897.3325806	0.167309062
897.8543091	0.167434853
898.3759155	0.168001186
898.897583	0.168341567
899.4191895	0.168528415
899.9406738	0.168779306
900.4621582	0.168876508
900.9835815	0.169079786
901.5049438	0.169257927
902.0262451	0.169580954
902.5475464	0.169638375
903.0687866	0.169754976
903.5899658	0.170018024
904.111145	0.170345606
904.6322632	0.170467082
905.1533813	0.170721605
905.6743164	0.170963901
906.1953125	0.171183513
906.7162476	0.171827438
907.2370605	0.17230211
907.7579346	0.172747659
908.2787476	0.172929311
908.7994385	0.173186062
909.3201294	0.173500368
909.8408813	0.173584372
910.3614502	0.173906752
910.881958	0.174414649
911.4024658	0.174840558
911.9229736	0.175277081
912.4433594	0.17579133
912.9637451	0.176155837
913.4840698	0.176419382
914.0042725	0.176735698
914.5245972	0.177174391
915.0447998	0.177420475
915.5649414	0.177588912
916.085022	0.177815891
916.6051025	0.17803317
917.125061	0.178296124
917.6450195	0.178487811
918.164917	0.178633178
918.6847534	0.178786481
919.2045288	0.179190629
919.7243042	0.179583674
920.2440796	0.179868191
920.7637939	0.180059392
921.2833862	0.18016511
921.8029785	0.18013505
922.3225098	0.180022431
922.8419189	0.180384652
923.3614502	0.180566165
923.8807983	0.18080772
924.4000854	0.180847092
924.9194336	0.180941566
925.4387207	0.181145653
925.9578247	0.181458675
926.4770508	0.181649572
926.9961548	0.181617199
927.5152588	0.181411504
928.0341797	0.181129197
928.5532227	0.180926711
929.0720825	0.180534112
929.5909424	0.180516065
930.1098022	0.180713335
930.6286011	0.180807979
931.1472778	0.180789734
931.6659546	0.180607912
932.1846313	0.180906748
932.703186	0.180788898
933.2216797	0.180907017
933.7401733	0.180828978
934.258606	0.181164371
934.7769775	0.181035238
935.2953491	0.181021753
935.8136597	0.180454593
936.3319092	0.180281535
936.8500977	0.180539359
937.3682861	0.180843786
937.8863525	0.18144599
938.4043579	0.181472403
938.9224243	0.181931756
939.4403687	0.182069684
939.9581909	0.181919067
940.4760742	0.18192057
940.9938965	0.181790038
941.5116577	0.182074826
942.0293579	0.181911511
942.5470581	0.182064207
943.0646973	0.181847477
943.5822144	0.182183611
944.0997314	0.182291256
944.6171875	0.182425746
945.1345825	0.182323031
945.6519775	0.182726315
946.1693115	0.183086563
946.6865234	0.182934257
947.2037354	0.182935633
947.7209473	0.182808531
948.2380981	0.183372628
948.7550659	0.183558519
949.2721558	0.184050459
949.7891235	0.184670231
950.3060303	0.184704174
950.822937	0.185216695
951.3397827	0.185298105
951.8564453	0.185500195
952.37323	0.185342204
952.8898926	0.185666655
953.4065552	0.185608498
953.9230957	0.185919972
954.4396362	0.186633698
954.9561157	0.187023742
955.4725342	0.187185877
955.9888916	0.187261998
956.505249	0.187844044
957.0214844	0.187992293
957.5377808	0.188218936
958.0539551	0.188182959
958.5700684	0.18809152
959.0861206	0.18832726
959.6021118	0.188044532
960.1181641	0.188363193
960.6340332	0.188324095
961.1499023	0.188832812
961.6657104	0.189483338
962.1814575	0.190113886
962.6972046	0.190456426
963.2128906	0.190947601
963.7285156	0.190874615
964.2440796	0.190584755
964.7595825	0.190732487
965.2750854	0.190882072
965.7904053	0.191211024
966.3057861	0.190935679
966.821167	0.191262439
967.3363647	0.191607403
967.8516235	0.192041363
968.3668213	0.192569127
968.881958	0.192521313
969.3969116	0.19294492
969.9119873	0.19293212
970.4269409	0.193024601
970.9418335	0.192988438
971.456665	0.193162985
971.9714966	0.193468813
972.4862061	0.193378711
973.0009155	0.193316611
973.515564	0.193382371
974.0302124	0.193773212
974.5446777	0.194047975
975.0592041	0.194572335
975.5736694	0.194593223
976.0880127	0.195066741
976.602356	0.195320715
977.1166992	0.195400468
977.6308594	0.19600586
978.1450195	0.195987177
978.6592407	0.196321486
979.1733398	0.196544157
979.6873169	0.197018978
980.2012939	0.1972389
980.71521	0.197314172
981.2290649	0.197053803
981.7428589	0.196874701
982.2566528	0.197640726
982.7703247	0.19795372
983.2839966	0.198495701
983.7976074	0.198451182
984.3111572	0.19852143
984.824707	0.198437191
985.3380737	0.198989528
985.8515015	0.198826602
986.3648682	0.199022124
986.8781738	0.199436464
987.3914185	0.199302943
987.904541	0.199849493
988.4176636	0.20012325
988.9307861	0.200402986
989.4438477	0.200966564
989.9567261	0.201575886
990.4697266	0.202184321
990.982605	0.20259244
991.4953003	0.202874144
992.0081787	0.202885097
992.520874	0.202971957
993.0334473	0.203138976
993.5460815	0.203636523
994.0586548	0.204199499
994.571167	0.204663042
995.0836182	0.204314514
995.5959473	0.204789338
996.1083374	0.205041701
996.6206055	0.204947884
997.1328735	0.204619045
997.6450195	0.204521454
998.1571045	0.204666192
998.6691284	0.204937406
999.1811523	0.204063141
999.6931152	0.203853466
1000.205017	0.203673324
1000.716858	0.204039532
1001.22876	0.204275298
1001.740417	0.204070266
1002.252136	0.20406949
1002.763733	0.203984755
1003.27533	0.203850953
1003.786804	0.203548987
1004.29834	0.203374363
1004.809692	0.203362845
1005.321045	0.203273326
1005.832336	0.203513613
1006.343689	0.203794795
1006.854858	0.204189602
1007.366028	0.204111754
1007.877136	0.204009025
1008.388062	0.20366805
1008.899048	0.204369322
1009.410034	0.204313802
1009.920837	0.204054404
1010.431702	0.203676831
1010.942505	0.203497265
1011.453186	0.20350545
1011.963806	0.203465677
1012.474487	0.203768722
1012.984924	0.20436241
1013.495422	0.20449707
1014.005859	0.204745846
1014.516235	0.20463837
1015.026489	0.204929325
1015.536865	0.204870496
1016.047058	0.204907528
1016.557251	0.205252667
1017.067322	0.205508085
1017.577332	0.206282407
1018.087402	0.207007622
1018.59729	0.206959788
1019.107178	0.207364159
1019.616882	0.208037304
1020.126587	0.207771739
1020.636414	0.208013909
1021.145996	0.208114648
1021.655762	0.208578112
1022.165161	0.208743353
1022.674622	0.208360629
1023.184143	0.208234672
1023.693481	0.208435655
1024.202759	0.209659388
1024.712158	0.210008235
1025.221313	0.210316685
1025.730347	0.210587814
1026.239502	0.210057194
1026.748657	0.209689519
1027.257446	0.209176579
1027.766602	0.209270445
1028.275269	0.209828939
1028.784058	0.210264841
1029.292847	0.209805574
1029.801636	0.210622228
1030.310181	0.211340521
1030.818848	0.212046511
1031.327393	0.211716234
1031.835938	0.211627082
1032.344238	0.212241351
1032.852539	0.21316895
1033.360962	0.213533463
1033.869141	0.213761177
1034.377319	0.212883158
1034.885498	0.212314537
1035.393555	0.211423717
1035.901611	0.212135606
1036.409546	0.213493792
1036.917358	0.213100498
1037.425171	0.213646838
1037.933105	0.213600287
1038.440796	0.213754545
1038.948486	0.214261773
1039.456055	0.21424947
1039.963623	0.214750408
1040.471191	0.21449314
1040.978638	0.214722958
1041.48584	0.215141872
1041.993286	0.215455381
1042.50061	0.215416083
1043.00769	0.215382372
1043.514893	0.215269528
1044.022095	0.21644458
1044.528931	0.218237901
1045.036133	0.219894593
1045.542969	0.219737825
1046.049805	0.220293898
1046.556763	0.220347838
1047.063354	0.22075299
1047.570068	0.220781687
1048.076782	0.221032754
1048.583252	0.221527269
1049.089722	0.222855804
1049.596313	0.222844634
1050.102661	0.224171632
1050.608887	0.224714344
1051.115356	0.225632665
1051.62146	0.224922372
1052.127808	0.225509212
1052.633789	0.226597279
1053.139771	0.226727429
1053.645874	0.226755266
1054.151733	0.227793788
1054.657593	0.227250972
1055.163574	0.228651419
1055.669189	0.227997492
1056.174805	0.229378726
1056.680542	0.229494498
1057.186035	0.230114882
1057.69165	0.22963477
1058.197021	0.229482894
1058.702515	0.228920079
1059.207764	0.229074201
1059.713135	0.227966761
1060.218262	0.228847878
1060.723389	0.228640184
1061.228638	0.229393773
1061.733521	0.230684571
1062.238525	0.229910815
1062.743652	0.230958203
1063.248413	0.23134889
1063.753296	0.229022142
1064.257935	0.229618839
1064.762573	0.227934818
1065.267334	0.228541955
1065.771851	0.227934082
1066.276245	0.227508524
1066.780884	0.226397163
1067.285156	0.226664358
1067.789551	0.227057717
1068.293823	0.228641519
1068.798096	0.228641143
1069.302124	0.228927537
1069.806274	0.229081793
1070.310303	0.229296922
1070.814209	0.229781704
1071.318115	0.22911156
1071.822021	0.229190091
1072.325806	0.228439381
1072.829468	0.228315534
1073.333252	0.229959541
1073.836914	0.229447339
1074.340332	0.230750996
1074.84375	0.23004239
1075.34729	0.230984981
1075.850586	0.230678878
1076.353882	0.231221807
1076.857178	0.231912154
1077.360352	0.232374607
1077.863403	0.23160225
1078.366455	0.231781962
1078.869507	0.230720535
1079.372437	0.229453555
1079.875366	0.229344038
1080.378174	0.228464499
1080.880859	0.226513122
1081.383667	0.227335439
1081.88623	0.226680744
1082.388672	0.226106129
1082.891357	0.226387342
1083.393677	0.229921006
1083.896118	0.229039534
1084.398438	0.231363565
1084.900757	0.232271794
1085.402954	0.23188269
1085.905029	0.233170629
1086.407104	0.231605835
1086.909302	0.22992974
1087.411133	0.22935467
1087.912964	0.228573261
1088.414917	0.230597217
1088.916504	0.232456167
1089.418213	0.231488075
1089.919922	0.230986665
1090.421509	0.233627536
1090.922974	0.233678355
1091.424561	0.235586623
1091.925903	0.236529131
1092.427246	0.236319014
1092.928589	0.233522365
1093.429688	0.238920217
1093.930908	0.236742488
1094.432007	0.236598897
1094.932983	0.238035546
1095.434082	0.238689114
1095.934814	0.241654095
1096.435669	0.244196456
1096.936523	0.247626485
1097.437134	0.248787001
1097.937744	0.248723829
1098.438354	0.248046486
1098.938965	0.249141491
1099.439331	0.251709752
1099.939819	0.249282804
1100.440063	0.24884542
1100.940308	0.247796103
1101.440674	0.24931358
1101.940674	0.250013581
1102.440796	0.250403858
1102.940918	0.245883113
1103.440796	0.247482549
1103.940796	0.246834972
1104.440552	0.247588257
1104.940308	0.248851415
1105.440063	0.246502318
1105.939697	0.244487573
1106.439209	0.241943657
1106.938721	0.242108047
1107.438232	0.242978811
1107.937622	0.241217908
1108.43689	0.243847771
1108.936279	0.244283569
1109.435303	0.248713537
1109.934448	0.244704592
1110.433594	0.241973307
1110.932617	0.241676348
1111.431519	0.242258871
1111.93042	0.244702597
1112.429199	0.244835072
1112.927979	0.241188836
1113.426514	0.235882704
1113.925293	0.233772315
1114.423706	0.234025359
1114.922241	0.238028561
1115.420776	0.238958657
1115.919067	0.239988616
1116.41748	0.241202758
1116.915649	0.241719107
1117.413818	0.246399176
1117.911987	0.245779302
1118.410034	0.245922313
1118.907837	0.240200952
1119.405884	0.24636368
1119.903809	0.247691192
1120.401489	0.248528068
1120.89917	0.248362973
1121.396851	0.246614009
1121.894409	0.247124433
1122.391968	0.253892013
1122.889404	0.262173801
1123.386719	0.262974052
1123.884155	0.258255455
1124.38147	0.256555651
1124.87854	0.258283413
1125.375732	0.25684827
1125.872803	0.253490968
1126.369751	0.249501191
1126.866699	0.249948365
1127.363525	0.246192204
1127.860474	0.24543886
1128.357178	0.249898905
1128.853882	0.249528483
1129.350464	0.252814437
1129.846924	0.259185529
1130.343384	0.259288861
1130.839844	0.253499964
1131.336304	0.25009723
1131.83252	0.241687034
1132.328857	0.243277212
1132.824951	0.242206307
1133.320923	0.247123939
1133.817017	0.245961214
1134.312866	0.241168437
1134.808716	0.245920002
1135.304688	0.249403334
1135.800415	0.25556627
1136.296021	0.25261207
1136.791748	0.25631389
1137.287231	0.256424927
1137.782715	0.258913287
1138.278198	0.258400548
1138.773438	0.257627186
1139.268921	0.251876597
1139.764038	0.25161102
1140.259155	0.2618992
1140.754272	0.265196829
1141.24939	0.271238962
1141.744263	0.269996748
1142.239258	0.272712473
1142.734009	0.271082375
1143.228638	0.272997765
1143.723389	0.274038563
1144.218018	0.271715712
1144.712646	0.267605087
1145.207153	0.266265046
1145.701538	0.265506722
1146.195801	0.272071734
1146.690186	0.270399361
1147.184448	0.256985223
1147.678589	0.262159254
1148.172729	0.255746797
1148.666626	0.251978146
1149.160645	0.2469196
1149.654419	0.244621405
1150.148315	0.245434551
1150.64209	0.236668833
1151.135742	0.224864769
1151.629395	0.220482294
1152.123047	0.220217012
1152.616455	0.215089553
1153.109741	0.218682363
1153.603271	0.220335896
1154.096313	0.223763827
1154.589478	0.223536451
1155.082764	0.224999339
1155.575806	0.221840942
1156.068726	0.225792516
1156.561768	0.234295002
1157.054688	0.23030358
1157.547485	0.230937605
1158.040161	0.238618292
1158.532715	0.248727343
1159.025513	0.244337578
1159.518066	0.248740551
1160.010498	0.260046562
1160.50293	0.273905615
1160.995117	0.278612495
1161.487427	0.274090028
1161.979614	0.284007915
1162.47168	0.284896468
1162.963623	0.290035127
1163.455811	0.297403026
1163.947632	0.298881257
1164.439453	0.289960595
1164.931274	0.277986544
1165.422974	0.277154606
1165.914551	0.283461007
1166.40625	0.282898024
1166.897583	0.284587617
1167.38916	0.283365943
1167.880493	0.27145036
1168.371704	0.280814256
1168.863037	0.270802835
1169.354248	0.260579434
1169.845215	0.245267414
1170.336304	0.24574429
1170.827148	0.253984912
1171.317993	0.246231153
1171.808838	0.244700837
1172.299561	0.236714952
1172.790283	0.230865307
1173.280884	0.227557524
1173.771362	0.234008749
1174.261841	0.245627701
1174.752197	0.237337157
1175.242554	0.226215626
1175.732788	0.224249659
1176.223022	0.230856606
1176.713013	0.237106724
1177.203125	0.24322964
1177.693115	0.274109783
1178.182983	0.245693777
1178.672974	0.276171758
1179.162598	0.288154622
1179.652222	0.279930938
1180.141846	1.499813979
1180.63147	1.58588854
1181.12085	1.691247741
1181.610352	1.702446022
1182.099609	1.685178831
1182.588989	1.62856408
1183.078125	1.698445515
1183.567261	1.741498485
1184.056274	1.743905417
1184.54541	1.900758832
1185.03418	2.010359437
1185.523071	1.849670553
1186.011841	1.92823502
1186.500488	1.935745524
1186.989136	1.839053272
1187.477661	2.036871731
1187.966187	2.281454629
1188.454712	0.682127136
1188.942993	0.558254628
1189.431274	0.77928977
1189.919556	0.617878056
1190.407593	0.208660714
1190.89563	0.49360119
1191.383789	-0.859375
