97.20689392	0.104020979
97.74539948	0.082521129
98.28392792	0.098062095
98.82247925	0.090765921
99.36104584	0.086773241
99.89965057	0.092274036
100.4382706	0.091484408
100.9769058	0.092179964
101.515564	0.092525869
102.054245	0.093162431
102.5929565	0.096169324
103.1316833	0.094303195
103.6704254	0.096866088
104.2092056	0.091839425
104.7479858	0.091029666
105.2868118	0.093935406
105.8256454	0.094469409
106.364502	0.091233989
106.9033813	0.092529282
107.442276	0.087112705
107.9812012	0.089282304
108.5201492	0.088719459
109.0591125	0.087215867
109.5980988	0.085781421
110.1371002	0.085211411
110.6761398	0.083236742
111.2151947	0.08150183
111.7542648	0.08197924
112.2933502	0.080251503
112.8324661	0.076225235
113.3715973	0.07897128
113.9107666	0.08131315
114.4499359	0.084443306
114.9891205	0.085569422
115.5283508	0.081789362
116.0675964	0.07849275
116.6068573	0.082987481
117.1461334	0.084397724
117.6854324	0.085028586
118.2247543	0.079933456
118.7641068	0.08008545
119.3034592	0.083044841
119.8428497	0.086610511
120.3822479	0.087641267
120.9216766	0.086258606
121.4611282	0.088140287
122.0005875	0.086532773
122.5400696	0.089317404
123.0795822	0.089910326
123.6191101	0.087738943
124.1586533	0.080403154
124.6982193	0.080563359
125.2378082	0.082123566
125.7774124	0.083229182
126.3170395	0.087646585
126.8566895	0.089156631
127.396347	0.089076682
127.9360428	0.089891835
128.4757385	0.091348205
129.0154724	0.096954691
129.5552216	0.091371937
130.094986	0.088536961
130.6347656	0.089542523
131.1745605	0.090719233
131.714386	0.095193765
132.2542419	0.096087958
132.7941132	0.095639355
133.3339691	0.097387238
133.8738708	0.097800784
134.4138031	0.100511516
134.9537506	0.100056641
135.4937134	0.096957965
136.0336761	0.097329938
136.5736847	0.094649313
137.1136932	0.093857305
137.6537323	0.095302528
138.1938019	0.091507282
138.7338562	0.096446188
139.273941	0.094021351
139.8140717	0.095485403
140.3542023	0.094364676
140.8943481	0.096828713
141.4345093	0.099289653
141.9747009	0.096183093
142.5149078	0.094190036
143.05513	0.093977345
143.5953674	0.089497547
144.1356201	0.089183977
144.6759033	0.092167966
145.2162018	0.092780359
145.7565155	0.090866472
146.2968597	0.091931251
146.837204	0.094420468
147.3775787	0.096217493
147.9179688	0.091447624
148.458374	0.094826918
148.9987946	0.090621795
149.5392303	0.089699812
150.0796967	0.091096563
150.6201782	0.092748762
151.160675	0.088621817
151.7011871	0.083649278
152.2417145	0.083121713
152.7822571	0.08463493
153.3228302	0.0826172
153.8634186	0.0849667
154.4040375	0.083899683
154.9446411	0.083641142
155.4852905	0.081548175
156.0259399	0.086400472
156.5666046	0.086673428
157.1072998	0.083193905
157.6480103	0.081391926
158.1887207	0.084474992
158.7294769	0.084213087
159.2702332	0.085909459
159.8110199	0.085335121
160.3518066	0.087366135
160.8926086	0.086090976
161.4334412	0.086725219
161.9742737	0.092334773
162.515152	0.088101297
163.0560303	0.086871354
163.5969086	0.089789658
164.1378326	0.08967106
164.6787567	0.094644168
165.2197113	0.090307466
165.7606506	0.092019687
166.3016357	0.087916562
166.8426514	0.089144595
167.3836365	0.090613507
167.9246979	0.085783996
168.4657135	0.086095342
169.0067902	0.086064954
169.5478516	0.084665807
170.0889587	0.085193701
170.6300659	0.084807131
171.1711884	0.084331916
171.7123413	0.083139689
172.2534943	0.07869861
172.7946472	0.08279367
173.3358612	0.086432534
173.8770599	0.085231409
174.4182892	0.085897593
174.9595337	0.082150067
175.5007782	0.083821214
176.0420532	0.081994686
176.5833282	0.085418442
177.1246338	0.083025658
177.6659546	0.082222165
178.2072754	0.087048259
178.748642	0.087259035
179.2899933	0.087848275
179.8313751	0.086149056
180.3727722	0.086384107
180.9141693	0.082947334
181.4556274	0.084959505
181.9970398	0.085845332
182.5384979	0.087851869
183.0799866	0.087940199
183.6214447	0.086448785
184.1629791	0.085460634
184.7044678	0.084971516
185.2460175	0.086681734
185.7875519	0.087946545
186.3291016	0.08670004
186.8707123	0.084425142
187.4122772	0.084644869
187.9539032	0.086107624
188.4955292	0.08482591
189.0371399	0.08300522
189.5788116	0.083566434
190.1204681	0.089200577
190.6621399	0.088603854
191.2038422	0.08946461
191.7455444	0.088336312
192.287262	0.090153241
192.82901	0.091870896
193.3707581	0.090492668
193.9125366	0.089798956
194.4542999	0.091211066
194.9960938	0.094081071
195.5379028	0.092276208
196.0797424	0.091493645
196.621582	0.093372126
197.1634064	0.09445679
197.7052765	0.095447456
198.2471619	0.097585743
198.7890625	0.097654321
199.3309631	0.099212447
199.872879	0.098675977
200.4148102	0.095626349
200.9567719	0.095270168
201.4987335	0.094423839
202.0407104	0.093241845
202.5826874	0.09135546
203.1246796	0.088183294
203.6667023	0.089037187
204.2087402	0.089253274
204.7507935	0.089206058
205.2928314	0.084934911
205.8348999	0.08397159
206.3769989	0.086336838
206.9190826	0.085595605
207.4611969	0.087489248
208.0033112	0.084234928
208.5454407	0.082024592
209.0876007	0.080678295
209.6297607	0.079310885
210.171936	0.079573384
210.7141266	0.079657617
211.2563171	0.078687095
211.7985229	0.081271936
212.340744	0.080387981
212.8830109	0.080586484
213.4252319	0.082746966
213.9674988	0.08481098
214.5097809	0.084310399
215.052063	0.085007068
215.5943909	0.085434646
216.136673	0.090068074
216.6790161	0.090958239
217.221344	0.090781598
217.7637024	0.087104713
218.306076	0.089749514
218.8484344	0.091326682
219.3908234	0.090475818
219.9332275	0.089440155
220.4756165	0.091329472
221.0180664	0.091519993
221.5605011	0.093787665
222.102951	0.092446919
222.645401	0.093147941
223.1878662	0.094068825
223.7303619	0.093023119
224.2728424	0.093802791
224.8153534	0.090871695
225.3578796	0.088145828
225.9004059	0.087543117
226.4429474	0.085396777
226.9855042	0.080387547
227.5280609	0.079482107
228.0706329	0.082600687
228.6132355	0.083937832
229.1558228	0.085627875
229.6984253	0.08981566
230.2410583	0.09255827
230.7837067	0.088874094
231.3263397	0.087451838
231.868988	0.087233573
232.4116516	0.08889359
232.9543304	0.092441745
233.4970245	0.089455252
234.0397186	0.087893613
234.582428	0.086060522
235.1251373	0.091812401
235.6678772	0.095409867
236.2106323	0.093886184
236.7533722	0.090667747
237.2961273	0.091865034
237.838913	0.091273939
238.3817139	0.089682367
238.9244995	0.090628544
239.4673157	0.085816463
240.0101166	0.083612472
240.552948	0.082554843
241.0957794	0.083598253
241.6386414	0.086310846
242.1815033	0.083903662
242.7243347	0.083286978
243.2672272	0.081186674
243.8101196	0.08405597
244.3530273	0.089371106
244.8959198	0.090787916
245.4388275	0.086537986
245.981781	0.085406857
246.5247192	0.086555903
247.0676575	0.091908475
247.6106262	0.093156491
248.1535797	0.095587593
248.6965637	0.097052859
249.2395477	0.093439427
249.7825623	0.094620525
250.3255615	0.093836189
250.8685608	0.095990107
251.4116058	0.096353371
251.9546356	0.096051172
252.4976807	0.094616931
253.040741	0.096400684
253.583786	0.098205075
254.1268616	0.097793348
254.6699524	0.094946646
255.2130432	0.091217029
255.756134	0.090368831
256.2992554	0.088861572
256.8423767	0.090913204
257.3855286	0.090653641
257.9286194	0.092860298
258.4717712	0.09363372
259.0149536	0.094327022
259.558075	0.097292402
260.1012268	0.094701864
260.6444397	0.093079016
261.1876221	0.088019837
261.7308044	0.08690578
262.2740173	0.084491964
262.8172607	0.085522585
263.3604431	0.084614839
263.9036865	0.081316698
264.4469604	0.081576504
264.9902039	0.080143878
265.5334167	0.079623712
266.0767212	0.078895448
266.6199951	0.080878834
267.163269	0.08457415
267.706543	0.082970661
268.2498474	0.079496587
268.7931519	0.077083558
269.3364563	0.076609504
269.8798218	0.077102216
270.4231262	0.07869423
270.9664612	0.07873734
271.5097961	0.080990315
272.0531616	0.084682625
272.5964966	0.08783322
273.1398926	0.094347769
273.6832581	0.092581785
274.2266541	0.094447744
274.77005	0.094204699
275.313446	0.094557399
275.856842	0.097163839
276.400238	0.099195727
276.9436646	0.098773555
277.4870911	0.092833467
278.0305176	0.092019577
278.5740051	0.093441231
279.1174316	0.095245533
279.6608887	0.093419352
280.2043457	0.09240968
280.7478638	0.092758095
281.2912903	0.096421346
281.8347778	0.092533572
282.3782654	0.088221168
282.9217529	0.089498926
283.465271	0.086119548
284.0088196	0.089894426
284.5523376	0.084022057
285.0958557	0.0823307
285.6393738	0.082918537
286.1829224	0.08341345
286.7264709	0.088161035
287.269989	0.089101849
287.8135986	0.088392201
288.3571167	0.084814386
288.9006958	0.086985454
289.4442749	0.08828209
289.987915	0.086963757
290.5314331	0.084264132
291.0750427	0.085854272
291.6186829	0.084689112
292.162262	0.088567967
292.7059021	0.093609515
293.2495422	0.089616286
293.7931213	0.091453037
294.3367615	0.085623917
294.8804016	0.092527529
295.4240723	0.09471953
295.9676819	0.097422836
296.5113525	0.098119626
297.0550537	0.092171511
297.5986938	0.090173237
298.142334	0.094849085
298.6860657	0.098819029
299.2297363	0.094641977
299.7733765	0.09439552
300.3171082	0.094862459
300.8608398	0.097651582
301.40448	0.097780758
301.9482422	0.096101715
302.4919434	0.095948087
303.0356445	0.093182671
303.5793762	0.094096414
304.1231384	0.090034179
304.6668396	0.095393364
305.2105713	0.090648335
305.7543335	0.093699063
306.2981262	0.08969891
306.8418274	0.09143022
307.3856201	0.091527114
307.9294128	0.090144088
308.4731445	0.087824438
309.0169373	0.087801698
309.56073	0.094584034
310.1044922	0.094320651
310.6482849	0.096450457
311.1921082	0.098047078
311.7359009	0.100632153
312.2796631	0.09818482
312.8234863	0.098071774
313.3673401	0.096375861
313.9111328	0.09805092
314.4549255	0.097050986
314.9987488	0.096663072
315.5426025	0.100665229
316.0863953	0.093744289
316.6302795	0.095947113
317.1741333	0.089657519
317.717926	0.091893412
318.2618103	0.093464135
318.8056641	0.090249392
319.3495178	0.089836307
319.8933716	0.083449568
320.4372559	0.08296642
320.9811096	0.079700043
321.5249634	0.072741882
322.0688477	0.069314473
322.6127625	0.074822463
323.1565857	0.076851344
323.7005005	0.07586598
324.2444153	0.080102141
324.788269	0.081435838
325.3321533	0.07640864
325.8760681	0.078455577
326.4199829	0.084101217
326.9638672	0.089901003
327.5078125	0.094341494
328.0516663	0.093528238
328.5955811	0.092705656
329.1395264	0.099183389
329.6834717	0.101424051
330.2273865	0.106578169
330.7713013	0.097962478
331.3152466	0.101344859
331.8591614	0.109100792
332.4031067	0.107809471
332.9470215	0.109462278
333.4909973	0.105734566
334.0348816	0.105993859
334.5788574	0.097688227
335.1228333	0.098653314
335.6667786	0.102870389
336.2107239	0.105491259
336.7546692	0.100983612
337.298645	0.092671517
337.8425903	0.088766321
338.3865356	0.086494019
338.9305115	0.084729139
339.4744568	0.080610047
340.0184631	0.079140403
340.562439	0.079323976
341.1064148	0.087855427
341.6503906	0.089333513
342.1943665	0.088763338
342.7383118	0.092265998
343.2823181	0.094170821
343.8262939	0.099031641
344.3702698	0.1089529
344.9142456	0.115809314
345.458252	0.111301994
346.0022583	0.111629526
346.5462646	0.106186844
347.09021	0.1080485
347.6342163	0.11453575
348.1781921	0.121266687
348.7221985	0.119600406
349.2662354	0.120521042
349.8102112	0.122921262
350.354187	0.125102387
350.8981934	0.118765204
351.4422302	0.116617374
351.9862366	0.112799635
352.5302124	0.108308369
353.0742188	0.110507766
353.6182556	0.100758403
354.1622314	0.094144694
354.7062683	0.086580671
355.2502747	0.081705916
355.7942505	0.08629466
356.3382874	0.087390187
356.8823242	0.086837316
357.4263	0.084129532
357.9703369	0.079633857
358.5143738	0.079989414
359.0583191	0.086699426
359.602356	0.088449229
360.1463928	0.087503783
360.6904297	0.089756935
361.234375	0.093231502
361.7784424	0.095481719
362.3224792	0.100026242
362.8664551	0.100179572
363.4104919	0.099533528
363.9544983	0.10479434
364.4984741	0.109113088
365.042511	0.110520831
365.5865784	0.111735206
366.1306152	0.114096925
366.6745911	0.117590371
367.2185974	0.12297174
367.7626648	0.123868445
368.3066101	0.121950343
368.8506775	0.119654107
369.3946838	0.11546402
369.9386597	0.113113218
370.4826965	0.111415882
371.0267029	0.1098816
371.5707703	0.110002718
372.1147156	0.110821815
372.6587524	0.108031494
373.2027893	0.106483427
373.7467651	0.101969524
374.290802	0.103704949
374.8348389	0.107128977
375.3787842	0.108931072
375.922821	0.111712736
376.4668579	0.107753281
377.0108948	0.103662522
377.5548401	0.09516146
378.0988464	0.105689652
378.6428528	0.108695877
379.1868286	0.103570668
379.7308655	0.102098868
380.2748718	0.10876315
380.8188171	0.112230528
381.362854	0.108309137
381.9068604	0.108243029
382.4508667	0.101803783
382.994812	0.100150602
383.5388489	0.103288822
384.0828247	0.108326074
384.62677	0.100564689
385.1707764	0.096471367
385.7148132	0.089890403
386.258728	0.092764921
386.8027344	0.097478067
387.3467407	0.093918667
387.8907471	0.094983516
388.4346619	0.08536373
388.9786682	0.085533287
389.522644	0.093728043
390.0665894	0.095229054
390.6105652	0.087702683
391.154541	0.083757366
391.6984863	0.086475841
392.2424622	0.091006428
392.786438	0.09997072
393.3304138	0.10265276
393.8743286	0.108556126
394.4183044	0.107472909
394.9622498	0.119706392
395.5061646	0.116565666
396.0501099	0.115387651
396.5940552	0.110004472
397.13797	0.100880561
397.6819153	0.107536415
398.2258911	0.109452397
398.7698364	0.112982844
399.3137207	0.107857411
399.857666	0.106391882
400.4016113	0.111800721
400.9454956	0.118279427
401.4894409	0.123012707
402.0333557	0.116249833
402.5772095	0.114791797
403.1211243	0.109384537
403.6650696	0.111647068
404.2089844	0.106100146
404.7528381	0.1020995
405.2967529	0.092245259
405.8406677	0.097121845
406.384491	0.09781768
406.9284058	0.100359735
407.47229	0.111409324
408.0161438	0.105271257
408.5600281	0.108300211
409.1039124	0.106684685
409.6477966	0.110757167
410.1916504	0.104843545
410.7355042	0.096488938
411.2793884	0.087827176
411.8231812	0.086244685
412.3670349	0.087722526
412.9108887	0.083606926
413.4547119	0.087097212
413.9985657	0.080218909
414.5424194	0.07950734
415.0862122	0.08204518
415.6300659	0.078110136
416.1738586	0.076878839
416.7177124	0.082183613
417.2614746	0.078556589
417.8052979	0.071327659
418.3491211	0.072152789
418.8928528	0.065214578
419.436676	0.066689741
419.9804993	0.064300351
420.524231	0.067367506
421.0680237	0.070649081
421.6118164	0.071829193
422.1555786	0.069660244
422.6993408	0.074892019
423.243103	0.073380227
423.7868652	0.068400748
424.3305969	0.070174452
424.8743591	0.0669405
425.4181213	0.067137306
425.961792	0.073024181
426.5055237	0.074761573
427.0492859	0.068403643
427.5930481	0.063107955
428.1366882	0.065443397
428.6804199	0.063668557
429.2241516	0.070259308
429.7677917	0.064839919
430.3115234	0.064829664
430.8552246	0.061003488
431.3988647	0.057598788
431.9425354	0.061103572
432.4862366	0.058659557
433.0299072	0.053672243
433.5735474	0.054001614
434.117218	0.053382946
434.6608887	0.05410515
435.2044983	0.056473302
435.7481384	0.051460247
436.2918091	0.047218185
436.8353577	0.044042083
437.3789978	0.045588083
437.9226379	0.053966631
438.4662476	0.053781551
439.0097961	0.05507151
439.5534363	0.050432016
440.0970154	0.051366152
440.640564	0.051039905
441.1841431	0.054331989
441.7277832	0.05920479
442.2712708	0.058449796
442.8148499	0.06082463
443.358429	0.062241081
443.9019775	0.062743774
444.4454651	0.063653435
444.9890137	0.061176789
445.5325928	0.060759749
446.0760498	0.064458133
446.6195679	0.067703018
447.1630859	0.067635333
447.706543	0.06863764
448.250061	0.063244938
448.7935486	0.060188973
449.3370667	0.059033517
449.8804932	0.058986754
450.4239502	0.060598042
450.9674072	0.058308767
451.5108032	0.05577285
452.0542908	0.054764365
452.5977478	0.052992136
453.1411133	0.052804776
453.6845703	0.051183024
454.2279968	0.051083912
454.7713928	0.051245977
455.3147583	0.053453043
455.8581543	0.05188821
456.4015808	0.052803591
456.9448853	0.051149918
457.4882813	0.049834622
458.0316467	0.048631237
458.5749512	0.050016874
459.1183167	0.050691021
459.6616516	0.050318754
460.2050171	0.049046307
460.748291	0.048394448
461.2915955	0.050886737
461.8349609	0.049442303
462.3782043	0.046713893
462.9214783	0.047967304
463.4648132	0.047544474
464.0080261	0.047098183
464.5513	0.042761202
465.094574	0.041938581
465.6378479	0.040852038
466.1810303	0.041560789
466.7242432	0.0367895
467.2675171	0.036453135
467.8106689	0.036651469
468.3538818	0.036370572
468.8971252	0.036218141
469.4402466	0.036983369
469.9834595	0.035981122
470.5266418	0.038735353
471.0697937	0.03742266
471.612915	0.0369707
472.1560974	0.038707468
472.6992493	0.039466346
473.2423096	0.038464496
473.7854309	0.037316584
474.3285828	0.037430443
474.8716125	0.040899077
475.4147339	0.042597073
475.9578247	0.041216217
476.500885	0.040677236
477.0439148	0.042202784
477.5869751	0.044184827
478.1300354	0.044758259
478.6730347	0.04505391
479.2160645	0.04394557
479.7590942	0.042196919
480.302063	0.042636005
480.8450623	0.041878342
481.3880615	0.041331621
481.9309998	0.041369327
482.4739685	0.039415089
483.0169678	0.03945441
483.5599365	0.040133249
484.1028137	0.039908568
484.645752	0.040698439
485.1886902	0.040125486
485.7315369	0.038333393
486.2744446	0.039675473
486.8173523	0.039191232
487.360199	0.038734523
487.9030762	0.037816449
488.4459534	0.037078594
488.9888	0.037758481
489.5316162	0.037775558
490.0744324	0.037860028
490.6172791	0.03868547
491.1600342	0.037110029
491.7028198	0.03778668
492.245636	0.036758634
492.7883911	0.038063277
493.3311462	0.038814881
493.8739014	0.037893306
494.4166565	0.038957466
494.9593506	0.038129477
495.5020752	0.038185869
496.0447998	0.039305405
496.5874634	0.039192941
497.1301575	0.03982955
497.6728516	0.039867455
498.2154846	0.040629816
498.7581482	0.040682263
499.3007813	0.040726876
499.8434448	0.041256036
500.3860168	0.041987196
500.9286194	0.041467764
501.4712524	0.043195917
502.0137634	0.04235893
502.5563965	0.043357258
503.098938	0.043679833
503.641449	0.044476814
504.1839905	0.045808575
504.7265625	0.045112344
505.2690735	0.046298818
505.811554	0.04636506
506.3540344	0.047202869
506.8965454	0.047656312
507.4389648	0.04793771
507.9814453	0.048368072
508.5239258	0.04807098
509.0662842	0.049840834
509.6087341	0.050213388
510.151123	0.050376704
510.6936035	0.050191429
511.2359009	0.051111942
511.7783203	0.051376113
512.3206787	0.05255007
512.8629761	0.052674771
513.4052734	0.053057399
513.9476929	0.053279811
514.4899292	0.053741768
515.0322266	0.054690069
515.574585	0.055514478
516.1168823	0.056360908
516.6590576	0.056627207
517.2012939	0.057115079
517.7435913	0.057827793
518.2857056	0.05887574
518.8280029	0.059752339
519.3701782	0.059500643
519.9122925	0.060290082
520.4545288	0.061109432
520.9967041	0.062419704
521.5388184	0.062970131
522.0809326	0.063799195
522.6230469	0.064886904
523.1652222	0.066148601
523.7072144	0.066889563
524.2493286	0.067475837
524.7913818	0.067837206
525.333374	0.068760722
525.8754883	0.06957217
526.4174805	0.070388934
526.9595337	0.071015347
527.5015259	0.071426302
528.0435181	0.072530504
528.5855103	0.073234798
529.1273804	0.074035019
529.6693115	0.074831991
530.2113037	0.075712531
530.7531738	0.076670816
531.2950439	0.077300969
531.8370361	0.078254313
532.3788452	0.078829432
532.9206543	0.079614359
533.4625854	0.080588758
534.0044556	0.081688614
534.5462036	0.082565788
535.0880127	0.083254815
535.6298218	0.084403478
536.1715698	0.085134914
536.7133789	0.086093713
537.255127	0.086934978
537.796814	0.088133145
538.338501	0.088803784
538.880249	0.089695956
539.421936	0.090615641
539.963562	0.091533295
540.505249	0.092349442
541.046875	0.093189677
541.588501	0.094165993
542.130127	0.094680741
542.6717529	0.095641988
543.2133179	0.096604916
543.7548828	0.097649699
544.2964478	0.098713726
544.8380127	0.099706251
545.3794556	0.100694097
545.9210205	0.101705897
546.4625244	0.102812031
547.0039673	0.103953113
547.5454712	0.104967189
548.0869141	0.106206642
548.6283569	0.107627006
549.1697388	0.108867858
549.7111816	0.109879989
550.2526245	0.111143293
550.7939453	0.11231812
551.3352661	0.113470513
551.8766479	0.114793403
552.4179688	0.116109986
552.9592285	0.11714653
553.5005493	0.118048329
554.0418091	0.118939124
554.5830688	0.119818744
555.1243896	0.120783096
555.6655884	0.122143628
556.2067871	0.123015725
556.7479858	0.123807701
557.2891846	0.12463802
557.8303223	0.125712621
558.37146	0.126642412
558.9126587	0.127498452
559.4537354	0.128379272
559.994812	0.129503896
560.5359497	0.130301116
561.0770264	0.131130234
561.618042	0.132168382
562.1591187	0.132762688
562.7001343	0.133674992
563.2411499	0.134564084
563.7821655	0.135763428
564.3231201	0.136482778
564.8640137	0.137272093
565.4049683	0.138123691
565.9459229	0.13883627
566.4868164	0.139599413
567.0276489	0.140546341
567.5686035	0.141451253
568.109436	0.142159688
568.6502075	0.142875545
569.1911011	0.143537994
569.7319336	0.143986383
570.272644	0.144624006
570.8134155	0.145161957
571.354187	0.145901837
571.8949585	0.146596952
572.4356079	0.147233958
572.9763794	0.147896802
573.5170288	0.148422423
574.0576782	0.148662191
574.5982666	0.149509366
575.1389771	0.149874434
575.6795044	0.15041155
576.2201538	0.150757498
576.7607422	0.151146382
577.3013306	0.151489348
577.8417969	0.151830942
578.3823853	0.152213943
578.9228516	0.152498573
579.4633179	0.152865637
580.0038452	0.153271522
580.5443115	0.153520786
581.0847168	0.153729103
581.6251221	0.153806637
582.1655884	0.153733866
582.7059326	0.153848668
583.2462769	0.153860824
583.7866211	0.153842663
584.3269653	0.153776494
584.8671875	0.153679411
585.4075317	0.153834085
585.9478149	0.153783578
586.4880371	0.153684146
587.0282593	0.153678359
587.5684814	0.153680794
588.1087646	0.153757282
588.6489258	0.153656834
589.1890869	0.153534931
589.729187	0.15345658
590.2692871	0.153283587
590.8094482	0.153048552
591.3494873	0.152983167
591.8895874	0.153078031
592.4296265	0.153014518
592.9696655	0.152941403
593.5097046	0.1527884
594.0496216	0.152902629
594.5895996	0.152802456
595.1295776	0.152508563
595.6694336	0.152175964
596.2094116	0.151908424
596.7493286	0.151816877
597.2891235	0.151562021
597.8289795	0.151224479
598.3688965	0.150867762
598.9087524	0.15063937
599.4484863	0.150184918
599.9882202	0.149792951
600.5280151	0.149306941
601.067749	0.149085903
601.6074219	0.148656143
602.1471558	0.148065927
602.6868286	0.147723906
603.2264404	0.1472958
603.7661133	0.146676278
604.3057861	0.146048151
604.8453369	0.145567978
605.3849487	0.145249917
605.9244995	0.144783339
606.4640503	0.144327675
607.00354	0.143661443
607.5430908	0.143073187
608.0825195	0.142561603
608.6219482	0.141854468
609.161438	0.14115986
609.7008667	0.140515606
610.2402344	0.139859521
610.779541	0.13937717
611.3189697	0.138553545
611.8582153	0.137980334
612.397583	0.137302099
612.9369507	0.13652877
613.4761963	0.135750402
614.0153809	0.135061312
614.5546875	0.13441853
615.0938721	0.133730163
615.6330566	0.132805241
616.1721802	0.132132519
616.7113647	0.131444928
617.2505493	0.130756898
617.7895508	0.130074855
618.3286743	0.129353636
618.8677979	0.128700832
619.4067383	0.127993109
619.9458618	0.127335896
620.4848022	0.126719931
621.0237427	0.125994763
621.5627441	0.12533162
622.1016846	0.124583651
622.640625	0.123882671
623.1794434	0.123098041
623.7183838	0.122338529
624.2572632	0.12162105
624.7960205	0.120778245
625.3348389	0.120005423
625.8736572	0.119356383
626.4122925	0.118604178
626.9510498	0.117701549
627.4898682	0.116938373
628.0285645	0.116192401
628.5671997	0.115379235
629.105896	0.114663433
629.6444702	0.113926119
630.1830444	0.113201968
630.7216797	0.112415307
631.2602539	0.111707086
631.7987671	0.111025605
632.3372803	0.110147457
632.8757935	0.109467687
633.4142456	0.108932643
633.9526978	0.108191499
634.4911499	0.107517966
635.0296021	0.106960053
635.5678711	0.106347592
636.1062622	0.105683172
636.6446533	0.104983363
637.1829224	0.10432929
637.7212524	0.103816756
638.2595215	0.103218476
638.7977905	0.10258687
639.3359985	0.101911959
639.8741455	0.101258948
640.4123535	0.100600186
640.9505005	0.099910433
641.4886475	0.099258573
642.0267944	0.098620154
642.5648193	0.098062089
643.1029053	0.0973956
643.6409302	0.096604942
644.1790161	0.096023429
644.71698	0.095361933
645.2549438	0.09468957
645.7929077	0.093995204
646.3308105	0.093349033
646.8687134	0.09273868
647.4065552	0.092100054
647.944397	0.09130555
648.4822388	0.090689587
649.0200806	0.090013592
649.5578613	0.089319798
650.0955811	0.088681203
650.6333618	0.088098765
651.1710815	0.087505446
651.7087402	0.086813436
652.2463989	0.086148847
652.7840576	0.085559168
653.3215942	0.084886011
653.8592529	0.08430135
654.3967896	0.083691149
654.9343262	0.083133446
655.4718018	0.082514861
656.0093384	0.081983635
656.546814	0.081378588
657.0842896	0.080793413
657.6216431	0.080264814
658.1590576	0.079745937
658.6964111	0.079189115
659.2338257	0.0786469
659.7711182	0.07815226
660.3084106	0.077636976
660.8457031	0.077096958
661.3829346	0.07653227
661.9202271	0.076109893
662.4573364	0.075654178
662.9945068	0.075105136
663.5316772	0.074662701
664.0687866	0.074174132
664.605896	0.073617314
665.1430054	0.073060516
665.6799927	0.072628101
666.21698	0.072101886
666.7540283	0.071574521
667.2910156	0.071129125
667.8279419	0.070610626
668.3648682	0.070167597
668.9017944	0.069657974
669.4385986	0.069191467
669.9754639	0.068713028
670.5123291	0.068178587
671.0490723	0.067690496
671.5858765	0.067173944
672.1226196	0.066689195
672.6593628	0.066243662
673.1959839	0.065722867
673.7327271	0.065244622
674.2693481	0.064801164
674.8059082	0.0644452
675.3425293	0.064214525
675.8790894	0.063727576
676.4155884	0.063314941
676.9521484	0.062903693
677.4885864	0.062430498
678.0250854	0.062061087
678.5614624	0.061599582
679.0979614	0.061172463
679.6342773	0.060716245
680.1706543	0.060295089
680.7069702	0.05994785
681.2432861	0.059468699
681.77948	0.059123001
682.3157959	0.058707907
682.8520508	0.058218271
683.3882446	0.057919168
683.9243774	0.057488246
684.4605103	0.057023278
684.9966431	0.056632781
685.5326538	0.056065324
686.0687256	0.055635932
686.6047974	0.055196845
687.1408081	0.054818462
687.6767578	0.054456603
688.2127686	0.054040398
688.7487183	0.053605938
689.2845459	0.05321232
689.8204346	0.052875449
690.3562622	0.052422031
690.8920898	0.051940954
691.4279175	0.051568556
691.9636841	0.051182297
692.4993286	0.050818189
693.0350342	0.050443265
693.5708008	0.050012949
694.1064453	0.049631239
694.6420288	0.049367106
695.1776733	0.048917272
695.7132568	0.048638493
696.2487793	0.048299727
696.7842407	0.047949975
697.3197632	0.047562972
697.8551636	0.047232836
698.390625	0.046904867
698.9260254	0.046599767
699.4614258	0.046249581
699.9967651	0.045864247
700.5321045	0.045665739
701.0674438	0.045430482
701.6026001	0.045167965
702.1378784	0.044824286
702.6730957	0.044530477
703.208252	0.044284814
703.7433472	0.04404379
704.2785034	0.043826397
704.8136597	0.043551413
705.3486328	0.04332347
705.883728	0.043030585
706.4187012	0.042816496
706.9536743	0.042592606
707.4886475	0.04241453
708.0236206	0.042175901
708.5584717	0.041952078
709.0933228	0.041784125
709.6281738	0.04159058
710.1629639	0.041427369
710.6977539	0.041146906
711.2324829	0.040981673
711.7672729	0.040794168
712.3018799	0.040645
712.8365479	0.040383546
713.3712158	0.040166233
713.9058228	0.039955554
714.4403687	0.039790015
714.9749146	0.039598212
715.5094604	0.039464679
716.0438843	0.039279908
716.5783691	0.039111478
717.112854	0.038929799
717.6472168	0.038765427
718.1815796	0.038519083
718.7158813	0.038378955
719.2501831	0.038099921
719.7844849	0.037923931
720.3187256	0.037754049
720.8529663	0.037524698
721.387146	0.037272857
721.9213257	0.03708242
722.4554443	0.036883561
722.989502	0.036757089
723.5236206	0.036603547
724.0576782	0.0364339
724.5916138	0.036197221
725.1256104	0.036050887
725.6596069	0.03586207
726.1934204	0.035726093
726.727356	0.035486153
727.2612305	0.035325024
727.795105	0.035147614
728.3288574	0.035063689
728.8626099	0.034926026
729.3963623	0.034834063
729.9300537	0.034683341
730.4637451	0.034532037
730.9974365	0.034458681
731.5309448	0.034416404
732.0645752	0.034341574
732.5981445	0.034294876
733.1317139	0.034185426
733.6651001	0.034068982
734.1986694	0.034024128
734.7320557	0.034021034
735.2654419	0.033900735
735.7987671	0.033819536
736.3321533	0.033749761
736.8654175	0.03374998
737.3986816	0.033720144
737.9320068	0.033649784
738.46521	0.033561878
738.9983521	0.033506046
739.5315552	0.033501161
740.0646973	0.03346764
740.5976563	0.033444524
741.1307373	0.033437109
741.6638184	0.03341613
742.1967163	0.033416945
742.7297363	0.033324556
743.2626953	0.033332687
743.7955933	0.033317851
744.3284302	0.033299706
744.8612671	0.033322234
745.394104	0.033373307
745.9268188	0.033353269
746.4595947	0.033337252
746.9923096	0.033358322
747.5249023	0.033373317
748.0576172	0.033476544
748.59021	0.033518224
749.1228027	0.033567784
749.6552734	0.033620465
750.1878052	0.033746275
750.7203369	0.033813981
751.2527466	0.033889363
751.7851563	0.033940529
752.3175659	0.033961866
752.8499146	0.034073755
753.3822021	0.034134953
753.9145508	0.034243627
754.4467773	0.034280343
754.9789429	0.034269335
755.5111694	0.034338245
756.043335	0.03447128
756.5754395	0.034530045
757.1075439	0.034635058
757.6395874	0.034729002
758.1715698	0.03475265
758.7036133	0.034870205
759.2355347	0.034932532
759.7675171	0.035039158
760.2993164	0.035078295
760.8312378	0.035194636
761.3630981	0.035226191
761.8948364	0.03528393
762.4265747	0.035407769
762.958313	0.035441595
763.4899902	0.03553722
764.0216064	0.035613921
764.5533447	0.035770605
765.0848999	0.035914159
765.6164551	0.035999831
766.1479492	0.036088852
766.6794434	0.036223949
767.2108765	0.036346555
767.7423706	0.036401274
768.2736816	0.036528071
768.8049927	0.03662995
769.3364258	0.036719185
769.8676758	0.036806666
770.3989258	0.036953517
770.9301147	0.037068219
771.4613647	0.037227547
771.9924927	0.037328902
772.5235596	0.037397921
773.0546265	0.03762524
773.5857544	0.037717091
774.1166992	0.037855872
774.6477051	0.037919561
775.1786499	0.0380158
775.7095947	0.03815887
776.2404175	0.038286289
776.7712402	0.038445988
777.302124	0.038491474
777.8328247	0.038610521
778.3635864	0.03870923
778.8943481	0.038822936
779.4249268	0.038938197
779.9555664	0.039089142
780.4862061	0.039144713
781.0167847	0.039271025
781.5472412	0.039435366
782.0777588	0.039526793
782.6082764	0.039623117
783.1386719	0.039666153
783.6690674	0.03979812
784.1994629	0.03991336
784.7297363	0.040008984
785.2600098	0.040073603
785.7902832	0.040135287
786.3204956	0.040245009
786.8505859	0.040336001
787.3807983	0.04043586
787.9108887	0.040563558
788.440918	0.040655027
788.9710083	0.040729576
789.5009766	0.040929472
790.0309448	0.04101794
790.5608521	0.041139494
791.0907593	0.041270034
791.6206055	0.041327315
792.1504517	0.041530134
792.6802368	0.041697129
793.2099609	0.041836319
793.7396851	0.042020619
794.2693481	0.042114098
794.7990112	0.042221652
795.3285522	0.04234134
795.8581543	0.04247816
796.3876953	0.042527167
796.9171753	0.042626991
797.4465942	0.04283102
797.9761353	0.042954521
798.5054932	0.043073375
799.03479	0.043207722
799.5640869	0.043255501
800.0934448	0.043334889
800.6226196	0.04349726
801.1518555	0.043542072
801.6810303	0.043664489
802.210083	0.043693798
802.7392578	0.043750078
803.2683105	0.043805206
803.7973633	0.043884415
804.3262939	0.044037633
804.8552246	0.04417291
805.3841553	0.044322174
805.9130249	0.044490084
806.4418335	0.044723337
806.9706421	0.044754088
807.4993896	0.044851371
808.0281372	0.044922205
808.5568848	0.045043248
809.0855103	0.045129272
809.6140747	0.045224464
810.1426392	0.045366781
810.6712036	0.045489487
811.199707	0.045560475
811.7281494	0.045709399
812.2565918	0.045858926
812.7849731	0.046009009
813.3133545	0.04612566
813.8416748	0.046215675
814.3699341	0.046320343
814.8981323	0.0464216
815.4263306	0.046522137
815.9545288	0.046576554
816.482605	0.046620512
817.0106812	0.046843938
817.5387573	0.046901705
818.0667114	0.047138838
818.5947266	0.047282621
819.1226196	0.04751354
819.6506348	0.047684806
820.1784058	0.047778068
820.7062378	0.047885896
821.2340088	0.04804003
821.7617188	0.048150669
822.2894287	0.048321573
822.8170776	0.048488342
823.3447266	0.048611881
823.8723145	0.048719031
824.3999023	0.048805687
824.9274292	0.049018105
825.454834	0.049196121
825.9822388	0.04930361
826.5096436	0.049400267
827.0370483	0.049502344
827.5643311	0.049685584
828.0916138	0.049781047
828.6188354	0.049834166
829.1459961	0.049911409
829.6732178	0.049971833
830.2003174	0.050167946
830.727417	0.050336954
831.2544556	0.050467381
831.7814941	0.050490699
832.3084106	0.050639991
832.8353271	0.050921388
833.3622437	0.051093675
833.8890381	0.051257562
834.4158325	0.051503449
834.942627	0.051591398
835.4693604	0.051748308
835.9960327	0.051944976
836.5227051	0.052078507
837.0493164	0.052276805
837.5758667	0.052378197
838.102417	0.05251066
838.6289063	0.052760852
839.1553345	0.052967676
839.6817627	0.053211491
840.2081299	0.053355013
840.734436	0.0533633
841.2607422	0.053528944
841.7869873	0.05376897
842.3132324	0.053823982
842.8392944	0.053770115
843.3654785	0.053905649
843.8916016	0.054023127
844.4176025	0.054122135
844.9436035	0.054342854
845.4696045	0.054462656
845.9955444	0.054593412
846.5214233	0.05475942
847.0472412	0.05485479
847.5731201	0.055100399
848.0988159	0.055280325
848.6245117	0.055465112
849.1502686	0.055508874
849.6758423	0.055645735
850.201416	0.05586349
850.7270508	0.056087621
851.2525635	0.056248451
851.7780151	0.056391106
852.3034668	0.056518324
852.8288574	0.056728705
853.354187	0.056896098
853.8795776	0.057057544
854.4048462	0.05715794
854.9300537	0.057275833
855.4552002	0.057441457
855.9803467	0.057630087
856.5054321	0.057870907
857.0305176	0.058006117
857.555603	0.058060414
858.0805664	0.058206601
858.6054688	0.058383315
859.1303711	0.058615868
859.6552734	0.058783096
860.1800537	0.058812106
860.704834	0.059042662
861.2295532	0.059267565
861.7542725	0.059348305
862.2788696	0.059521883
862.8035278	0.059688488
863.328064	0.059876008
863.8525391	0.060070032
864.3771362	0.060191153
864.9015503	0.06031078
865.4259033	0.060477547
865.9502563	0.060665798
866.4746094	0.060782742
866.9988403	0.060997142
867.5230713	0.061241076
868.0472412	0.06137386
868.5714111	0.061496201
869.095459	0.061645809
869.6195679	0.061745631
870.1435547	0.061964167
870.6675415	0.062069613
871.1914673	0.062255914
871.7153931	0.062501358
872.2391968	0.062795718
872.7630005	0.062846399
873.2867432	0.063001938
873.8104858	0.063177507
874.3341675	0.063442069
874.8577881	0.06371004
875.3814087	0.063744054
875.9049072	0.06384611
876.4284058	0.064033878
876.9519043	0.064181443
877.4752808	0.064365274
877.9986572	0.064532457
878.5220337	0.064629615
879.0453491	0.064751266
879.5685425	0.064927724
880.0917358	0.06511873
880.6149292	0.065240465
881.1380005	0.065281367
881.6610718	0.065433288
882.184082	0.065489948
882.7070313	0.065690224
883.2300415	0.065871339
883.7529297	0.066047094
884.2758179	0.066152583
884.7985229	0.066261108
885.3212891	0.06658893
885.8440552	0.066750532
886.3666992	0.066920183
886.8893433	0.067086141
887.4119263	0.067269099
887.9344482	0.067381252
888.4569702	0.067579213
888.9794312	0.067852778
889.5018921	0.068068286
890.0241699	0.068153954
890.5465698	0.068375069
891.0688477	0.068558056
891.5910034	0.0683951
892.1132202	0.068601885
892.635376	0.06888271
893.1574097	0.069040167
893.6795044	0.069141197
894.2014771	0.069321526
894.7235107	0.069464678
895.2453613	0.069601168
895.7672729	0.069860912
896.2891235	0.06986689
896.8108521	0.070003869
897.3325806	0.070102535
897.8543091	0.070327831
898.3759155	0.070505862
898.897583	0.070582586
899.4191895	0.070728088
899.9406738	0.070948034
900.4621582	0.071076535
900.9835815	0.07131838
901.5049438	0.071884424
902.0262451	0.072004496
902.5475464	0.072170099
903.0687866	0.072407156
903.5899658	0.072667087
904.111145	0.072945333
904.6322632	0.073178967
905.1533813	0.07337856
905.6743164	0.073541415
906.1953125	0.073827107
906.7162476	0.074104339
907.2370605	0.074380095
907.7579346	0.074646021
908.2787476	0.074917814
908.7994385	0.075190071
909.3201294	0.075347532
909.8408813	0.075564681
910.3614502	0.075792993
910.881958	0.075923118
911.4024658	0.076033899
911.9229736	0.076299568
912.4433594	0.076441281
912.9637451	0.076641421
913.4840698	0.0767259
914.0042725	0.07689231
914.5245972	0.077004301
915.0447998	0.077057114
915.5649414	0.077178208
916.085022	0.077443454
916.6051025	0.077620052
917.125061	0.077672914
917.6450195	0.077710968
918.164917	0.077819698
918.6847534	0.077948916
919.2045288	0.078218867
919.7243042	0.078411067
920.2440796	0.078678627
920.7637939	0.078842305
921.2833862	0.079114226
921.8029785	0.079239671
922.3225098	0.079373554
922.8419189	0.079448504
923.3614502	0.079662353
923.8807983	0.07976606
924.4000854	0.079954329
924.9194336	0.080196627
925.4387207	0.080379726
925.9578247	0.080597275
926.4770508	0.080645995
926.9961548	0.080901308
927.5152588	0.081145464
928.0341797	0.081349042
928.5532227	0.0817299
929.0720825	0.08175409
929.5909424	0.081873032
930.1098022	0.081911053
930.6286011	0.082005128
931.1472778	0.082292051
931.6659546	0.082459929
932.1846313	0.082551882
932.703186	0.082723475
933.2216797	0.083063291
933.7401733	0.083157859
934.258606	0.083457476
934.7769775	0.083554583
935.2953491	0.083801151
935.8136597	0.083819373
936.3319092	0.084001983
936.8500977	0.084143187
937.3682861	0.084445875
937.8863525	0.084541048
938.4043579	0.084373921
938.9224243	0.084680109
939.4403687	0.084719949
939.9581909	0.085001122
940.4760742	0.085159096
940.9938965	0.085240677
941.5116577	0.085354572
942.0293579	0.085619143
942.5470581	0.085823742
943.0646973	0.085904347
943.5822144	0.086165066
944.0997314	0.086154168
944.6171875	0.086472835
945.1345825	0.086703665
945.6519775	0.086943091
946.1693115	0.08710883
946.6865234	0.0872848
947.2037354	0.087402639
947.7209473	0.087510823
948.2380981	0.087860859
948.7550659	0.087866462
949.2721558	0.088397406
949.7891235	0.088609067
950.3060303	0.089001692
950.822937	0.089089386
951.3397827	0.089222777
951.8564453	0.089376976
952.37323	0.089606755
952.8898926	0.089779997
953.4065552	0.090008793
953.9230957	0.090317594
954.4396362	0.090457346
954.9561157	0.090621924
955.4725342	0.090957939
955.9888916	0.09125674
956.505249	0.091663772
957.0214844	0.09182227
957.5377808	0.092314887
958.0539551	0.092538755
958.5700684	0.092903508
959.0861206	0.09294759
959.6021118	0.092988771
960.1181641	0.093217774
960.6340332	0.093525513
961.1499023	0.093965831
961.6657104	0.094078937
962.1814575	0.094244258
962.6972046	0.094184903
963.2128906	0.094328866
963.7285156	0.094431607
964.2440796	0.094647546
964.7595825	0.094846321
965.2750854	0.094998487
965.7904053	0.095289382
966.3057861	0.095165813
966.821167	0.095229929
967.3363647	0.095146618
967.8516235	0.09512565
968.3668213	0.095418081
968.881958	0.095633303
969.3969116	0.095932062
969.9119873	0.095939626
970.4269409	0.096225643
970.9418335	0.096282208
971.456665	0.096769854
971.9714966	0.096949517
972.4862061	0.09719713
973.0009155	0.097541344
973.515564	0.09786285
974.0302124	0.098279562
974.5446777	0.098471835
975.0592041	0.098678315
975.5736694	0.098631274
976.0880127	0.099039358
976.602356	0.099444535
977.1166992	0.099649019
977.6308594	0.099962081
978.1450195	0.099899101
978.6592407	0.100013363
979.1733398	0.100146529
979.6873169	0.100504329
980.2012939	0.100558999
980.71521	0.100821901
981.2290649	0.101120436
981.7428589	0.10134778
982.2566528	0.10177198
982.7703247	0.102105336
983.2839966	0.102159771
983.7976074	0.102123953
984.3111572	0.102251043
984.824707	0.102267765
985.3380737	0.10274105
985.8515015	0.102621736
986.3648682	0.102800103
986.8781738	0.103202105
987.3914185	0.103368152
987.904541	0.103549653
988.4176636	0.103892471
988.9307861	0.10406314
989.4438477	0.104021333
989.9567261	0.104226026
990.4697266	0.104407297
990.982605	0.104241375
991.4953003	0.10446099
992.0081787	0.104588142
992.520874	0.104664299
993.0334473	0.104986168
993.5460815	0.105394712
994.0586548	0.105447009
994.571167	0.105706393
995.0836182	0.105932775
995.5959473	0.106277095
996.1083374	0.106572887
996.6206055	0.106492603
997.1328735	0.106653683
997.6450195	0.107142576
998.1571045	0.107005663
998.6691284	0.107182553
999.1811523	0.10756236
999.6931152	0.107699601
1000.205017	0.107922872
1000.716858	0.108051595
1001.22876	0.108376254
1001.740417	0.108532283
1002.252136	0.108718876
1002.763733	0.108915797
1003.27533	0.108817813
1003.786804	0.109298298
1004.29834	0.109281729
1004.809692	0.10915576
1005.321045	0.109507479
1005.832336	0.109540717
1006.343689	0.109944306
1006.854858	0.110423797
1007.366028	0.110596599
1007.877136	0.111162626
1008.388062	0.111600865
1008.899048	0.111654785
1009.410034	0.111858509
1009.920837	0.112006741
1010.431702	0.112366234
1010.942505	0.112779197
1011.453186	0.113068738
1011.963806	0.113183913
1012.474487	0.113128556
1012.984924	0.113464919
1013.495422	0.113486826
1014.005859	0.114166797
1014.516235	0.114546915
1015.026489	0.114433694
1015.536865	0.114481731
1016.047058	0.114532427
1016.557251	0.114043425
1017.067322	0.114169966
1017.577332	0.114220935
1018.087402	0.113926551
1018.59729	0.114248997
1019.107178	0.113925758
1019.616882	0.114181671
1020.126587	0.114642449
1020.636414	0.114358462
1021.145996	0.114521231
1021.655762	0.114365224
1022.165161	0.114862271
1022.674622	0.114825193
1023.184143	0.115039968
1023.693481	0.114797234
1024.202759	0.114902027
1024.712158	0.115378193
1025.221313	0.116016608
1025.730347	0.116227073
1026.239502	0.117276573
1026.748657	0.117183881
1027.257446	0.117050813
1027.766602	0.1178248
1028.275269	0.117686569
1028.784058	0.118300947
1029.292847	0.118583817
1029.801636	0.118913588
1030.310181	0.11930253
1030.818848	0.119252751
1031.327393	0.119920115
1031.835938	0.120025823
1032.344238	0.120747436
1032.852539	0.121212863
1033.360962	0.121722388
1033.869141	0.122125427
1034.377319	0.122304328
1034.885498	0.122244591
1035.393555	0.122493118
1035.901611	0.122360985
1036.409546	0.122616103
1036.917358	0.123136416
1037.425171	0.12351515
1037.933105	0.123857558
1038.440796	0.124398464
1038.948486	0.124320763
1039.456055	0.12432558
1039.963623	0.124299592
1040.471191	0.124525758
1040.978638	0.124564861
1041.48584	0.12444023
1041.993286	0.123883563
1042.50061	0.12358764
1043.00769	0.123909663
1043.514893	0.124041161
1044.022095	0.124244535
1044.528931	0.123924513
1045.036133	0.124260032
1045.542969	0.124150813
1046.049805	0.124357343
1046.556763	0.124825623
1047.063354	0.124332432
1047.570068	0.123961515
1048.076782	0.124593351
1048.583252	0.125531543
1049.089722	0.125555737
1049.596313	0.125805632
1050.102661	0.12596512
1050.608887	0.126759587
1051.115356	0.12709254
1051.62146	0.127723157
1052.127808	0.128921223
1052.633789	0.12910168
1053.139771	0.128953844
1053.645874	0.128698743
1054.151733	0.129848286
1054.657593	0.130558723
1055.163574	0.13022658
1055.669189	0.130419809
1056.174805	0.129817153
1056.680542	0.130419725
1057.186035	0.131924919
1057.69165	0.131053426
1058.197021	0.130307013
1058.702515	0.130022009
1059.207764	0.130162588
1059.713135	0.131068799
1060.218262	0.130697062
1060.723389	0.131161761
1061.228638	0.131245878
1061.733521	0.130684502
1062.238525	0.131248553
1062.743652	0.131469862
1063.248413	0.131920181
1063.753296	0.132083589
1064.257935	0.131623522
1064.762573	0.132421945
1065.267334	0.132562115
1065.771851	0.133585696
1066.276245	0.132836442
1066.780884	0.13151563
1067.285156	0.132499742
1067.789551	0.133848698
1068.293823	0.133592418
1068.798096	0.13354396
1069.302124	0.13323257
1069.806274	0.132489879
1070.310303	0.13260258
1070.814209	0.133258307
1071.318115	0.133753383
1071.822021	0.132640349
1072.325806	0.132428449
1072.829468	0.132122627
1073.333252	0.132750302
1073.836914	0.133326456
1074.340332	0.133314479
1074.84375	0.133775171
1075.34729	0.133762357
1075.850586	0.134681193
1076.353882	0.134696221
1076.857178	0.134192672
1077.360352	0.133555671
1077.863403	0.134468405
1078.366455	0.134734346
1078.869507	0.134994214
1079.372437	0.135839059
1079.875366	0.135769495
1080.378174	0.134859419
1080.880859	0.134230387
1081.383667	0.135265138
1081.88623	0.136159694
1082.388672	0.137415117
1082.891357	0.136213521
1083.393677	0.136848007
1083.896118	0.137989384
1084.398438	0.138451922
1084.900757	0.137727071
1085.402954	0.136662184
1085.905029	0.137642285
1086.407104	0.137269595
1086.909302	0.138185898
1087.411133	0.138182028
1087.912964	0.138438151
1088.414917	0.139154816
1088.916504	0.13827653
1089.418213	0.139415768
1089.919922	0.140587565
1090.421509	0.141690147
1090.922974	0.142467086
1091.424561	0.143225315
1091.925903	0.142260006
1092.427246	0.1431146
1092.928589	0.14227124
1093.429688	0.141454956
1093.930908	0.14213438
1094.432007	0.142452025
1094.932983	0.145715854
1095.434082	0.147441416
1095.934814	0.148962345
1096.435669	0.148753013
1096.936523	0.147823066
1097.437134	0.149171653
1097.937744	0.150131102
1098.438354	0.150237817
1098.938965	0.149919756
1099.439331	0.14882603
1099.939819	0.14789256
1100.440063	0.146593077
1100.940308	0.143590598
1101.440674	0.144167364
1101.940674	0.144084239
1102.440796	0.144195739
1102.940918	0.143727485
1103.440796	0.141495304
1103.940796	0.141510673
1104.440552	0.141575197
1104.940308	0.13949929
1105.440063	0.140701918
1105.939697	0.139608337
1106.439209	0.142272975
1106.938721	0.142095225
1107.438232	0.141401493
1107.937622	0.145584791
1108.43689	0.144719849
1108.936279	0.148233932
1109.435303	0.149754485
1109.934448	0.149249771
1110.433594	0.152561152
1110.932617	0.149334267
1111.431519	0.15156316
1111.93042	0.152642521
1112.429199	0.153634415
1112.927979	0.15637582
1113.426514	0.158772647
1113.925293	0.15604037
1114.423706	0.157837866
1114.922241	0.155471016
1115.420776	0.155461577
1115.919067	0.155728698
1116.41748	0.153451789
1116.915649	0.156961843
1117.413818	0.15389164
1117.911987	0.154100121
1118.410034	0.15196982
1118.907837	0.151386968
1119.405884	0.152571586
1119.903809	0.14898497
1120.401489	0.154588327
1120.89917	0.152505748
1121.396851	0.151701136
1121.894409	0.15113795
1122.391968	0.150190143
1122.889404	0.149049909
1123.386719	0.155256085
1123.884155	0.157677982
1124.38147	0.159433442
1124.87854	0.157303354
1125.375732	0.155807713
1125.872803	0.160191855
1126.369751	0.156943769
1126.866699	0.157822009
1127.363525	0.156159645
1127.860474	0.156434799
1128.357178	0.156815741
1128.853882	0.157949671
1129.350464	0.161086972
1129.846924	0.158436777
1130.343384	0.157612674
1130.839844	0.153705599
1131.336304	0.154639495
1131.83252	0.153095177
1132.328857	0.150709507
1132.824951	0.145308235
1133.320923	0.138500876
1133.817017	0.134231063
1134.312866	0.138126533
1134.808716	0.136016084
1135.304688	0.137168173
1135.800415	0.135788155
1136.296021	0.133567622
1136.791748	0.137915732
1137.287231	0.137701156
1137.782715	0.140857838
1138.278198	0.138359567
1138.773438	0.140148296
1139.268921	0.144391898
1139.764038	0.144774758
1140.259155	0.155368756
1140.754272	0.155863996
1141.24939	0.158062245
1141.744263	0.157887593
1142.239258	0.160666649
1142.734009	0.161702336
1143.228638	0.159583703
1143.723389	0.158402609
1144.218018	0.157904517
1144.712646	0.152663061
1145.207153	0.154661928
1145.701538	0.152357783
1146.195801	0.154635475
1146.690186	0.151829432
1147.184448	0.150099783
1147.678589	0.154743746
1148.172729	0.155246041
1148.666626	0.15511608
1149.160645	0.155792443
1149.654419	0.149786041
1150.148315	0.155746715
1150.64209	0.156758392
1151.135742	0.163014119
1151.629395	0.163394858
1152.123047	0.171799825
1152.616455	0.177738461
1153.109741	0.178632056
1153.603271	0.186995729
1154.096313	0.183365261
1154.589478	0.177239309
1155.082764	0.180797518
1155.575806	0.176206234
1156.068726	0.190315141
1156.561768	0.183052789
1157.054688	0.177221873
1157.547485	0.173451497
1158.040161	0.168643997
1158.532715	0.172738326
1159.025513	0.172668772
1159.518066	0.164321372
1160.010498	0.166876829
1160.50293	0.159607771
1160.995117	0.156205145
1161.487427	0.148427604
1161.979614	0.154765792
1162.47168	0.155075002
1162.963623	0.157162161
1163.455811	0.168612816
1163.947632	0.174498717
1164.439453	0.171450464
1164.931274	0.171800356
1165.422974	0.159287491
1165.914551	0.176250091
1166.40625	0.170779973
1166.897583	0.174213818
1167.38916	0.193857448
1167.880493	0.205937797
1168.371704	0.216480279
1168.863037	0.212553427
1169.354248	0.200859244
1169.845215	0.209667286
1170.336304	0.215545471
1170.827148	0.225974833
1171.317993	0.228724057
1171.808838	0.230088962
1172.299561	0.228086241
1172.790283	0.215534207
1173.280884	0.216548631
1173.771362	0.221824931
1174.261841	0.23006895
1174.752197	0.225538783
1175.242554	0.21759384
1175.732788	0.232347914
1176.223022	0.232269094
1176.713013	0.204569639
1177.203125	0.188215316
1177.693115	0.157699249
1178.182983	0.143093341
1178.672974	0.090793236
1179.162598	0.051903782
1179.652222	0.024285579
1180.141846	0.033463211
1180.63147	0.160802392
1181.12085	0.120661977
1181.610352	0.12991506
1182.099609	-0.753437343
1182.588989	-0.830557226
1183.078125	-0.827989566
1183.567261	-0.848345616
1184.056274	-0.863936063
1184.54541	-0.832581147
1185.03418	-1.110188132
1185.523071	-1.107009897
1186.011841	-1.151949486
1186.500488	-1.153675057
1186.989136	-1.121336435
1187.477661	-1.181628467
1187.966187	-1.288782104
1188.454712	-1.73585435
1188.942993	-2.038772379
1189.431274	-0.48905513
1189.919556	-0.650737137
1190.407593	-1.024189886
1190.89563	-0.123649811
1191.383789	0.394736842
